x
-1 1
1 -0.274706 0.2282
2 -0.088491 0.216741
3 -0.210942 0.10248
4 -0.1972 0.100894
5 -0.118577 0.181059
6 -0.580172 0.010802
7 -0.145329 0.306624
8 -0.368436 0.1047
9 -0.152365 0.254737
10 -0.08948399999999999 0.21981
11 -0.613913 0.036538
12 -0.134919 0.474578
13 -0.031012 0.146435
14 -0.011958 0.195174
15 -0.043778 0.2838892
16 -0.023453 0.218571
17 -0.038986 0.15748
18 -0.090228 0.228205
19 -0.045078 0.043117
20 -0.09174499999999999 0.030238
21 -0.081854 0.06589200000000001
22 -0.165438 0.050656
23 -0.212356 0.013003
24 -0.1014643 0.0229553
25 -0.00134652 0.00496801
26 -0.006776 0.066467
27 -0.097749 0.005013
28 -0.0780898 0.0505759
29 -0.103847 7.900000000129999e-05
30 -0.060453 0.006849
31 -0.058403 0.001287
32 -0.006789 0.115501
33 -0.01464 0.166682
34 -0.116341 0.066371
35 -0.148609 0.001548
36 -0.093406 0.018672
37 -0.029016 0.006958
38 -0.00752908 0.00194563
39 -0.00481338 0.00295021
40 -0.0009618 0.0073394
41 -0.0184575 0.0009464
42 -0.0034777 0.0136528
43 -0.0106309 0.0023983
44 -0.0243112 0.0025627
45 -0.0007468 0.0169595
46 -0.0032131 0.0063141
47 -0.0145948 0.0221117
48 -0.0120246 0.0223161
49 -0.00687482 0.01463505
50 -1.1974379e-05 1.3904211e-05
51 -0.006776 0.066467
52 -0.097749 0.005013
53 -0.0780898 0.0505759
54 -0.103847 7.900000000129999e-05
55 -0.060453 0.006849
56 -0.058403 0.001287
57 -0.006789 0.115501
58 -0.01464 0.166682
59 -0.116341 0.066371
60 -0.148609 0.001548
61 -0.093406 0.018672
62 -0.029016 0.006958
63 -0.00752908 0.00194563
64 -0.00481338 0.00295021
65 -0.0009618 0.0073394
66 -0.0184575 0.0009464
67 -0.0034777 0.0136528
68 -0.0106309 0.0023983
69 -0.0243112 0.0025627
70 -0.0007468 0.0169595
71 -0.0032131 0.0063141
72 -0.0145948 0.0221117
73 -0.0120246 0.0223161
74 -0.00687482 0.01463505
75 -1.1974379e-05 1.3904211e-05
76 -1.773326 1.119957
77 -2.2072669 1.318325
78 -2.236884 1.844986
79 -1.7174636 1.5953415
80 -1.058955 3.33434
81 -1.8625409 2.7982481
82 -1.63704415 2.81199085
83 -2.134780955 2.392646045
84 -1.2853776 2.963784
85 -1.1840109 2.193707
86 -2.62827 1.3512321
87 -1.4179891 1.9085709
88 -0.531596 0.483268
89 -0.6402739 0.614937
90 -0.637219 0.39259
91 -0.728274 0.248473
92 -0.7349221 0.643089
93 -1.7608248 0.0523702
94 -0.5071 0.879873
95 -1.2123065 0.924829
96 -0.8487341 0.52828
97 -1.0201763 0.3594939
98 -1.4589366 0.181581
99 -0.5141675 1.0020819
100 -0.0061442 0.03779763
101 -0.042002 0.154414
102 -0.243269 0.053656
103 -0.3328094 0.1190591
104 -0.542076 0.076681
105 -0.152782 0.110526
106 -0.238135 0.316286
107 -0.06990200000000001 0.12216
108 -0.110163 0.056132
109 -0.165447 0.165755
110 -0.078265 0.070615
111 -0.189487 0.056967
112 -0.134886 0.065149
113 -0.0341741 0.0291564
114 -0.0183654 0.015094
115 -0.016791 0.04733
116 -0.024867 0.007676
117 -0.0366424 0.0625209
118 -0.0323271 0.02908731
119 -0.06916397000000001 0.01802498
120 -0.06436450000000001 0.03428891
121 -0.0291858 0.0444103
122 -0.0428247 0.013646
123 -0.0192384 0.0601563
124 -0.0104457 0.03768088
125 -1.670118e-05 7.415159e-05
126 -1.412327 0.990978
127 -1.9458046 1.4138397
128 -1.053893 1.739729
129 -0.78246 2.053161
130 -1.680466 1.2304223
131 -0.803477 2.597067
132 -2.177495 1.490539
133 -2.082001 1.383466
134 -1.564262 1.359781
135 -1.7132208 1.457078
136 -0.661399 3.337533
137 -1.38781 1.18641422
138 -0.09025229999999999 0.1518697
139 -0.1972248 0.1946691
140 -0.1504817 0.2455646
141 -0.378218 0.212139
142 -0.2854763 0.282474
143 -0.3249689 0.293865
144 -0.215439 0.274184
145 -0.32342457 0.4035523
146 -0.267126 0.2890228
147 -0.305068 0.2623146
148 -0.5710647 0.3194843
149 -0.201375 0.364722
150 -0.00292928 0.00334433
151 -1.412327 0.990978
152 -1.9458046 1.4138397
153 -1.053893 1.739729
154 -0.78246 2.053161
155 -1.680466 1.2304223
156 -0.803477 2.597067
157 -2.177495 1.490539
158 -2.082001 1.383466
159 -1.564262 1.359781
160 -1.7132208 1.457078
161 -0.661399 3.337533
162 -1.38781 1.18641422
163 -0.09025229999999999 0.1518697
164 -0.1972248 0.1946691
165 -0.1504817 0.2455646
166 -0.378218 0.212139
167 -0.2854763 0.282474
168 -0.3249689 0.293865
169 -0.215439 0.274184
170 -0.32342457 0.4035523
171 -0.267126 0.2890228
172 -0.305068 0.2623146
173 -0.5710647 0.3194843
174 -0.201375 0.364722
175 -0.00292928 0.00334433
176 -0.672831 0.283482
177 -0.143916 0.395631
178 -0.173232 0.289084
179 -0.237508 0.59014
180 -0.072454 0.903133
181 -0.300287 0.072107
182 -0.179276 0.6567499999999999
183 -0.201106 0.135381
184 -0.12904 0.231481
185 -0.468405 0.006523
186 -1.263565 0.013088
187 -0.377238 0.132287
188 -0.1124899 0.2714671
189 -0.042154 0.183462
190 -0.421034 0.1631567
191 -0.13084 0.17745
192 -0.164599 0.3398257
193 -0.0749176 0.1608515
194 -0.2818829 0.0583002
195 -0.1507645 0.1442308
196 -0.4096307 0.0704463
197 -0.0897551 0.13893543
198 -0.0442102 0.372619
199 -0.1523945 0.04466413
200 -0.01240994 0.00109942
201 -1.782831 1.044688
202 -1.290417 3.56464
203 -2.816073 3.306629
204 -1.5554 2.627189
205 -4.331823 2.14512225
206 -1.02706 3.313627
207 -2.438395 2.7943522
208 -2.348585 5.534707
209 -1.83749 3.857006
210 -3.543277 2.0678799
211 -2.697625 2.351423
212 -2.33497433 1.72717367
213 -0.6734945 0.758039
214 -0.8382136 0.5096398
215 -0.6053846000000001 1.0819621
216 -0.471506 0.740488
217 -1.032092 0.417494
218 -0.2744113 1.387544
219 -0.848878 0.3995606
220 -0.9816206 0.9136478
221 -0.7110954 0.5446211
222 -0.599329 0.54239297
223 -0.4387167 0.694204
224 -0.5734359999999999 0.3373548
225 -0.01617661 0.01885186
226 -0.198906 0.7194891
227 -0.175551 0.205953
228 -0.222265 0.244447
229 -0.206684 0.476017
230 -0.205373 1.370642
231 -0.980778 0.053973
232 -0.3294825 0.316962
233 -0.141349 0.482196
234 -0.2560183 0.5809066000000001
235 -0.06777329999999999 0.5361834
236 -0.2470533 0.3060401
237 -0.0876876 1.143285
238 -0.012641 0.180878
239 -0.133984 0.140822
240 -0.1941869 0.2416009
241 -0.760427 0.048212
242 -0.440194 0.259952
243 -0.345661 0.028022
244 -0.243988 0.073778
245 -0.363487 0.09114800000000001
246 -0.300446 0.08434899999999999
247 -0.248765 0.017726
248 -0.154384 0.00376
249 -0.147367 0.3024449
250 -0.0008862 0.0047366
251 -1.680618 1.712006
252 -2.738371 1.905287
253 -2.7019914 2.412841
254 -2.413947 2.633805
255 -2.62477 4.432938
256 -1.988174 3.533007
257 -1.89118 4.616344
258 -2.841928 2.700312
259 -4.07778 3.3461853
260 -1.9949942 2.3970158
261 -0.65599 2.61795549
262 -2.206121 1.9242572
263 -0.3255544 0.30456856
264 -0.4367151 0.3498439
265 -0.4393856 0.2844464
266 -0.3857881 0.2500766
267 -0.4112836 0.4539816
268 -0.7250221100000001 0.40214789
269 -0.4259258 0.5571491
270 -0.5258019 0.4999038
271 -0.388985 0.5418312
272 -0.49860857 0.40474383
273 -0.5960022 0.2965444
274 -0.2950402 0.4157916
275 -0.01039816 0.007662885
276 -1.792897 0.8688
277 -1.465578 1.956294
278 -2.163921 2.358191
279 -1.31286 3.20083
280 -1.88164 1.883911
281 -1.824522 2.763953
282 -2.2542981 2.1501379
283 -1.078861 2.0790861
284 -1.014921 2.3609498
285 -1.136713 1.966815
286 -1.782649543 1.347346
287 -2.2390699 2.0076231
288 -0.12424589 0.12175253
289 -0.1241776 0.1377863
290 -0.29421411 0.17588929
291 -0.3125587 0.177279
292 -0.2411076 0.2336644
293 -0.24395622 0.19892498
294 -0.28081137 0.171259
295 -0.2978651 0.4044595
296 -0.18297265 0.3786942
297 -0.2805858 0.135189
298 -0.3127047 0.1614744
299 -0.15251946 0.32743519
300 -0.002965455 0.004395161
301 -1.792897 0.8688
302 -1.465578 1.956294
303 -2.163921 2.358191
304 -1.31286 3.20083
305 -1.88164 1.883911
306 -1.824522 2.763953
307 -2.2542981 2.1501379
308 -1.078861 2.0790861
309 -1.014921 2.3609498
310 -1.136713 1.966815
311 -1.782649543 1.347346
312 -2.2390699 2.0076231
313 -0.12424589 0.12175253
314 -0.1241776 0.1377863
315 -0.29421411 0.17588929
316 -0.3125587 0.177279
317 -0.2411076 0.2336644
318 -0.24395622 0.19892498
319 -0.28081137 0.171259
320 -0.2978651 0.4044595
321 -0.18297265 0.3786942
322 -0.2805858 0.135189
323 -0.3127047 0.1614744
324 -0.15251946 0.32743519
325 -0.002965455 0.004395161
326 -0.292375 0.870883
327 -0.4465118 1.2866295
328 -0.5854479 0.119788
329 -0.769369 0.163917
330 -0.276337 0.758412
331 -0.988164 0.190212
332 -0.116843 0.691649
333 -0.664806 0.238075
334 -0.192379 0.823744
335 -0.557603 0.25293
336 -1.212469 0.040649
337 -0.823031 0.400606
338 -0.0458403 0.08032930000000001
339 -0.0460893 0.045236
340 -0.0980008 0.0857845
341 -0.27767963 0.245707
342 -0.08706608 0.13024952
343 -0.07328038000000001 0.14270781
344 -0.3465312 0.0967436
345 -0.09168807 0.0632827
346 -0.0841716 0.1542768
347 -0.0642838 0.1250832
348 -0.0580583 0.0414026
349 -0.34594425 0.16049595
350 -0.000326322 0.011887477
351 -0.064776 0.14924
352 -0.121935 0.0420125
353 -0.1438979 0.0552351
354 -0.169498 0.063093
355 -0.08519 0.151942
356 -0.379467 0.055646
357 -0.082902 0.224013
358 -0.290688 0.187416
359 -0.05678 0.319048
360 -0.328956 0.130511
361 -0.266948 0.021992
362 -0.057425 0.242816
363 -0.0082658 0.0097064
364 -0.01291264 0.020237583
365 -0.02477033 0.02881232
366 -0.0265061 0.0230196
367 -0.0509183 0.0306994
368 -0.0111978 0.0301524
369 -0.020353 0.063179
370 -0.006725 0.04235
371 -0.020975 0.050785
372 -0.0237365 0.0512085
373 -0.03648 0.0431027
374 -0.0259542 0.0383921
375 -0.00018511145 0.00028908965
376 -0.064776 0.14924
377 -0.121935 0.0420125
378 -0.1438979 0.0552351
379 -0.169498 0.063093
380 -0.08519 0.151942
381 -0.379467 0.055646
382 -0.082902 0.224013
383 -0.290688 0.187416
384 -0.05678 0.319048
385 -0.328956 0.130511
386 -0.266948 0.021992
387 -0.057425 0.242816
388 -0.0082658 0.0097064
389 -0.01291264 0.020237583
390 -0.02477033 0.02881232
391 -0.0265061 0.0230196
392 -0.0509183 0.0306994
393 -0.0111978 0.0301524
394 -0.020353 0.063179
395 -0.006725 0.04235
396 -0.020975 0.050785
397 -0.0237365 0.0512085
398 -0.03648 0.0431027
399 -0.0259542 0.0383921
400 -0.00018511145 0.00028908965
401 -1.462581 1.557041
402 -3.4526188 1.513502
403 -1.732234 2.533566
404 -0.935878 3.029996
405 -1.634848 1.428241
406 -0.407742 3.008098
407 -2.974375 3.1588394
408 -1.7200068 2.3706102
409 -2.270256 1.9276799
410 -1.109653 1.842587
411 -1.37604605 2.41892895
412 -1.89653981 2.05392619
413 -0.4997801 0.3174993
414 -0.604747 0.5170093
415 -0.3206489 0.8306559999999999
416 -0.374826 0.617801
417 -0.661599 0.72423
418 -0.4506054 1.6804775
419 -1.4994115 0.517124
420 -0.71323909 0.8080971
421 -0.8561282 0.8302256
422 -0.8810576 0.2848131
423 -0.8117348 0.6218900000000001
424 -1.1194785 0.9416011
425 -0.01464874 0.01906464
426 -1.496968 0.928963
427 -1.960815 0.679913
428 -1.390448 1.60666
429 -0.8140230000000001 1.509319
430 -1.329752 2.248447
431 -1.58629 1.980653
432 -1.566809 2.793036
433 -1.107599 1.666709
434 -2.795666 1.669518
435 -1.494192 2.1169527
436 -1.2905295 1.6809287
437 -1.3272414 1.2359813
438 -0.2548709 0.4084953
439 -0.535101 0.456756
440 -1.1275578 0.22625009
441 -0.90618 0.12136
442 -0.5677140000000001 0.501528
443 -1.0800353 0.305095
444 -0.5749847 0.8370168
445 -0.5770522 0.3176745
446 -0.52857572 0.9586623
447 -0.57712382 0.4702642
448 -0.5699023 0.22567093
449 -0.29684162 0.7163480800000001
450 -0.0062082 0.02443583
451 -2.32074 2.31436
452 -2.5337679 1.448041
453 -3.3606176 1.1182054
454 -2.597102 1.55044
455 -3.0977877 1.35046
456 -2.0442547 1.534439
457 -2.260384 2.502763
458 -2.654943 1.240614
459 -1.3865882 1.618805
460 -1.188195393 3.053658
461 -3.257637 0.630569
462 -1.1715235 1.551358
463 -0.397984 0.393972
464 -0.410199 0.387448
465 -0.226729 0.473244
466 -0.2970214 0.827278
467 -0.368731 0.412095
468 -0.311068 0.6031819
469 -0.359567 0.6088770999999999
470 -0.208006 0.8264915
471 -0.692034 0.478472
472 -0.375051 0.3825785
473 -0.2077025 0.5485908
474 -0.5255422 0.4054848
475 -0.0104067 0.015336198
476 -0.53379 0.48399
477 -1.381343 0.321793
478 -0.92054693 1.1011616
479 -1.011398 0.379014
480 -1.065354 1.89999
481 -0.8292016 0.106332
482 -0.668998 0.828915
483 -0.420524 1.2411267
484 -0.7826153 0.8792358
485 -0.6597444 0.7519045
486 -1.066954 0.341598
487 -0.2014148 0.7555556
488 -0.175771 0.284886
489 -0.2009834 0.2763969
490 -0.168924 0.217001
491 -0.39161562 0.3357997
492 -0.184523 0.313994
493 -0.196257 0.09846299999999999
494 -0.235451 0.17166
495 -0.184097 0.148042
496 -0.302018 0.183159
497 -0.265118 0.328676
498 -0.2107 0.186838
499 -0.2275863 0.1285949
500 -0.00519055 0.00773125
501 -1.957496 1.118106
502 -2.04406 1.613475
503 -1.498315 2.171778
504 -0.559181 4.058703
505 -1.30984 2.392579
506 -0.606046 3.113034
507 -3.411691 3.4990511
508 -1.063643 2.11631
509 -2.143503 2.1896139
510 -2.184905 1.906372
511 -0.534781 2.7058083
512 -2.0084917 1.3065553
513 -0.1661794 0.1082049
514 -0.329295 0.417533
515 -0.380905 0.314294
516 -0.20124923 0.37890627
517 -0.346799 0.362006
518 -0.6660276000000001 0.3875014
519 -0.62093965 0.8382785
520 -0.500146 0.408453
521 -0.522719 0.46179
522 -0.4802908 0.6461635999999999
523 -0.4115152 0.763783
524 -0.26831357 0.5451653
525 -0.00588829 0.007197678
526 -0.62354 0.75414
527 -1.440073 0.838682
528 -2.378025 0.790049
529 -0.8634500000000001 1.626154
530 -1.605323 2.702391
531 -1.9664129 0.175744
532 -0.833786 2.636471
533 -0.7848769 0.623095
534 -1.998064 1.156733
535 -1.071111 0.6901389999999999
536 -2.04166 0.5013339999999999
537 -0.7751295 1.73195
538 -0.1922137 0.1987192
539 -0.3083887 0.25423372
540 -0.2615113 0.245557
541 -0.1701542 0.390469
542 -0.149332794 0.370835006
543 -0.12598482 0.3260555
544 -0.11347544 0.4185834
545 -0.3042051 0.3008935
546 -0.6564283 0.214298
547 -0.20115922 0.2000482
548 -0.163198624 0.2575077
549 -0.10908001 0.2197711
550 -0.008479447899999999 0.006915404
551 -1.253688 0.6118479999999999
552 -1.5121926 0.959986
553 -1.283532 1.907043
554 -1.149892 2.048861
555 -0.964322 2.314423
556 -0.863206 2.3884739
557 -2.189284 2.756856
558 -1.332982 1.242912
559 -3.061309 1.674073
560 -0.893757 1.8806898
561 -0.321637 2.184265
562 -1.836925 1.3316957
563 -0.05720886 0.07226196999999999
564 -0.111578 0.207757
565 -0.118314567 0.105860333
566 -0.1672643 0.1550581
567 -0.152695866 0.110189034
568 -0.10985921 0.16752998
569 -0.25213333 0.26547697
570 -0.13701144 0.12419719
571 -0.128536398 0.193397502
572 -0.19721447 0.26872853
573 -0.184139197 0.122902203
574 -0.09406836 0.14141441
575 -0.002964059 0.001717752
576 -1.253688 0.6118479999999999
577 -1.5121926 0.959986
578 -1.283532 1.907043
579 -1.149892 2.048861
580 -0.964322 2.314423
581 -0.863206 2.3884739
582 -2.189284 2.756856
583 -1.332982 1.242912
584 -3.061309 1.674073
585 -0.893757 1.8806898
586 -0.321637 2.184265
587 -1.836925 1.3316957
588 -0.05720886 0.07226196999999999
589 -0.111578 0.207757
590 -0.118314567 0.105860333
591 -0.1672643 0.1550581
592 -0.152695866 0.110189034
593 -0.10985921 0.16752998
594 -0.25213333 0.26547697
595 -0.13701144 0.12419719
596 -0.128536398 0.193397502
597 -0.19721447 0.26872853
598 -0.184139197 0.122902203
599 -0.09406836 0.14141441
600 -0.002964059 0.001717752
601 -2.2278878 0.9635382
602 -4.0877997 1.610916
603 -2.41705 1.89252
604 -2.067879 5.590804
605 -3.05992 3.27206
606 -2.259235 3.865165
607 -3.894234 2.280437
608 -1.667707 4.544618
609 -3.623485 1.973155
610 -3.675661 3.3505
611 -2.103291 4.255657
612 -4.597005 2.1868465
613 -0.1893714 0.2871604
614 -0.49181942 0.7281
615 -0.3390733 0.4569254
616 -0.5533066 0.262379
617 -0.4434132 0.6765302
618 -0.5970813 0.7114339
619 -0.3632151 0.4901233
620 -0.3476979 0.5545903
621 -0.5534691 0.5533511
622 -0.28861859 0.46917331
623 -0.50063422 0.40060278
624 -0.4405656 0.6889561
625 -0.01319748 0.016050325
626 -0.792847 0.8054480000000001
627 -1.17466 1.44637
628 -1.51801 1.471643
629 -2.2342931 0.8928391
630 -1.477548 2.140358
631 -1.971412 1.619241
632 -1.095805 1.76106
633 -1.358071 1.678444
634 -1.4827974 1.971895
635 -1.163052 1.5561127
636 -1.999362 1.184443
637 -1.3713999 1.8429576
638 -0.2170774 0.1945962
639 -0.2960204 0.2599561
640 -0.27372942 0.2481298
641 -0.261082 0.2910237
642 -0.3501769 0.1897329
643 -0.5590863 0.2856448
644 -0.22751274 0.3222754
645 -0.43127882 0.2074676
646 -0.30139506 0.3314015
647 -0.2912114 0.1734984
648 -0.2634009 0.3432615
649 -0.167882 0.3364773
650 -0.01194421 0.01116021
651 -0.792847 0.8054480000000001
652 -1.17466 1.44637
653 -1.51801 1.471643
654 -2.2342931 0.8928391
655 -1.477548 2.140358
656 -1.971412 1.619241
657 -1.095805 1.76106
658 -1.358071 1.678444
659 -1.4827974 1.971895
660 -1.163052 1.5561127
661 -1.999362 1.184443
662 -1.3713999 1.8429576
663 -0.2170774 0.1945962
664 -0.2960204 0.2599561
665 -0.27372942 0.2481298
666 -0.261082 0.2910237
667 -0.3501769 0.1897329
668 -0.5590863 0.2856448
669 -0.22751274 0.3222754
670 -0.43127882 0.2074676
671 -0.30139506 0.3314015
672 -0.2912114 0.1734984
673 -0.2634009 0.3432615
674 -0.167882 0.3364773
675 -0.01194421 0.01116021
676 -0.013634 0.859816
677 -0.22257193 0.36871877
678 -0.42618 0.230021
679 -0.79338 0.119885
680 -0.484775 0.428378
681 -0.942425 0.030381
682 -0.397664 0.463765
683 -0.349267 0.415845
684 -0.54433 0.372836
685 -0.447812 0.213171
686 -0.598046 0.075131
687 -0.327877 0.343258
688 -0.0267566 0.05431185
689 -0.0294057 0.0376468
690 -0.0271211 0.0405801
691 -0.0464258 0.0732208
692 -0.0510181 0.0863333
693 -0.0668303 0.08986860000000001
694 -0.072075 0.08883340000000001
695 -0.0675562 0.1214785
696 -0.09469279999999999 0.0733564
697 -0.08645700000000001 0.0714012
698 -0.0743183 0.1378456
699 -0.0422783 0.1214053
700 -0.00010571585 8.959259999999999e-05
701 -0.013634 0.859816
702 -0.22257193 0.36871877
703 -0.42618 0.230021
704 -0.79338 0.119885
705 -0.484775 0.428378
706 -0.942425 0.030381
707 -0.397664 0.463765
708 -0.349267 0.415845
709 -0.54433 0.372836
710 -0.447812 0.213171
711 -0.598046 0.075131
712 -0.327877 0.343258
713 -0.0267566 0.05431185
714 -0.0294057 0.0376468
715 -0.0271211 0.0405801
716 -0.0464258 0.0732208
717 -0.0510181 0.0863333
718 -0.0668303 0.08986860000000001
719 -0.072075 0.08883340000000001
720 -0.0675562 0.1214785
721 -0.09469279999999999 0.0733564
722 -0.08645700000000001 0.0714012
723 -0.0743183 0.1378456
724 -0.0422783 0.1214053
725 -0.00010571585 8.959259999999999e-05
726 -0.045796 0.282804
727 -0.4480049 0.18371899
728 -1.3571443 0.1163464
729 -0.837707 0.017231
730 -0.150698 0.42774
731 -0.483656 0.070599
732 -0.295701 0.564937
733 -0.073584 0.290642
734 -0.181721 0.862327
735 -1.663241 0.324669
736 -2.296159 0.00084
737 -0.333952 1.498864
738 -0.03025894 0.015373971
739 -0.036779739 0.03113649
740 -0.0128075 0.03865296
741 -0.06181076 0.02079339
742 -0.05794595 0.04264789
743 -0.053405771 0.04973681
744 -0.08118452 0.01712132
745 -0.023896669 0.129789781
746 -0.10254103 0.12225844
747 -0.0314659 0.06845447
748 -0.02268883 0.08865248000000001
749 -0.032681429 0.08835407000000001
750 -0.0005198533 0.001133609
751 -0.207329 0.449537
752 -0.106347 0.712301
753 -0.5311255 0.5237328999999999
754 -0.855107 0.432841
755 -0.790706 0.50435
756 -1.3906556 0.342035
757 -0.370484 0.6303530000000001
758 -0.756902 0.428087
759 -0.7403729999999999 0.564841
760 -0.9438674 0.463854
761 -1.169396 0.032247
762 -0.391788 0.407987
763 -0.0402142 0.0735537
764 -0.0761689 0.0531034
765 -0.07319390000000001 0.0716236
766 -0.1384577 0.0589689
767 -0.05937811 0.1379031
768 -0.1000373 0.0717932
769 -0.16694482 0.0934103
770 -0.15008353 0.07866238
771 -0.1800593 0.0961374
772 -0.1061937 0.0800332
773 -0.18727471 0.09873129999999999
774 -0.06574405 0.2005891
775 -0.00141542 0.00106814
776 -0.207329 0.449537
777 -0.106347 0.712301
778 -0.5311255 0.5237328999999999
779 -0.855107 0.432841
780 -0.790706 0.50435
781 -1.3906556 0.342035
782 -0.370484 0.6303530000000001
783 -0.756902 0.428087
784 -0.7403729999999999 0.564841
785 -0.9438674 0.463854
786 -1.169396 0.032247
787 -0.391788 0.407987
788 -0.0402142 0.0735537
789 -0.0761689 0.0531034
790 -0.07319390000000001 0.0716236
791 -0.1384577 0.0589689
792 -0.05937811 0.1379031
793 -0.1000373 0.0717932
794 -0.16694482 0.0934103
795 -0.15008353 0.07866238
796 -0.1800593 0.0961374
797 -0.1061937 0.0800332
798 -0.18727471 0.09873129999999999
799 -0.06574405 0.2005891
800 -0.00141542 0.00106814
801 -1.222772 0.858984
802 -2.916408 1.475763
803 -1.222589 2.0044837
804 -1.091441 1.7497401
805 -1.633196 2.1007097
806 -0.997529 2.88584
807 -1.723939 1.982859
808 -1.5585152 1.986228
809 -1.7867023 2.799078
810 -0.6982458 2.2928142
811 -1.040733 2.216211
812 -1.655211 1.279294
813 -0.419318 0.3022823
814 -0.338695 0.3385889
815 -0.477387 0.349337
816 -0.595419 0.468022
817 -0.52429 0.619533
818 -0.238138 0.787864
819 -0.9199792 0.4806549
820 -0.8502822 1.2988203
821 -0.5415356 1.08797
822 -0.53525004 0.7942359
823 -0.7377844 0.4799098
824 -0.739395 0.5090763
825 -0.01391467 0.009890680000000001
826 -1.359545 1.161429
827 -4.09918956 1.24091644
828 -1.4879872 2.2269128
829 -1.0717428 3.975317
830 -2.794201 3.3028811
831 -1.738978 3.856849
832 -1.942434 2.601452
833 -2.16644 2.052855
834 -2.482765 1.83724127
835 -1.7973028 2.7131932
836 -0.814491 4.168131
837 -2.226274 1.176352
838 -0.29181414 0.46271786
839 -0.4893744 0.31648
840 -0.5510244 0.798065
841 -1.157737 0.937279
842 -0.93579247 0.5698480299999999
843 -1.4450651 0.7428197
844 -0.4056502 1.5236054
845 -0.681859 1.0052997
846 -1.6652107 0.97643427
847 -1.0821822 0.8021522
848 -0.6109419 0.902747
849 -0.7425999 1.31815
850 -0.00582867 0.01275027
851 -1.821595 1.8332257
852 -1.314477 2.520417
853 -5.002207 1.849657
854 -3.3951528 2.2200582
855 -3.516088 1.948296
856 -3.3374542 3.5775778
857 -3.710825 2.216732
858 -3.701059 0.853749
859 -2.121628 2.699124
860 -2.40791 3.694734
861 -2.45994646 1.90357354
862 -2.5636241 2.996992
863 -1.2709024 0.5529666
864 -0.464355 0.7487693
865 -0.549531 0.6405094
866 -0.539504 1.0665384
867 -0.49459693 0.7408647
868 -0.3171448 2.0013362
869 -0.8576451 0.58569162
870 -0.5667713 0.627341
871 -0.4779557 0.7738718999999999
872 -0.3575182 0.8950094
873 -0.5158938 0.8531454000000001
874 -1.1087823 0.44578905
875 -0.02255162 0.0200021
876 -2.797016 2.315105
877 -1.895776 1.795542
878 -2.300873 1.842204
879 -1.265722 2.786191
880 -2.7498 1.874359
881 -3.107327 4.446209
882 -3.216418 2.817718
883 -3.05185185 2.263046
884 -4.085814 2.7529703
885 -2.820752 2.149893
886 -1.297573 2.820736
887 -3.5002699 1.7768181
888 -0.2324796 0.1673151
889 -0.356522 0.3887677
890 -0.3174512 0.4112322
891 -0.35810196 0.29909394
892 -0.3299852 0.5134953
893 -0.3041886 0.4914756
894 -0.730204 0.728151
895 -0.5840594 0.7314059000000001
896 -0.5446578 0.7186873
897 -0.382415 0.2641631
898 -0.5695143 0.6223886
899 -0.4950365 0.446619
900 -0.01119473 0.007664671
901 -2.2805497 0.7032963
902 -1.531603 0.840303
903 -0.78961 1.2018
904 -0.406304 2.118291
905 -0.857707 1.794159
906 -0.601099 4.06867
907 -2.560908 1.418155
908 -1.60367 3.459884
909 -1.156288 1.556967
910 -1.6391819 2.3125081
911 -1.060387 2.425441
912 -1.508532 2.2181382
913 -0.3526823 0.4886812
914 -0.3665689 0.8361067
915 -0.747919 0.222888
916 -0.911418 0.35253
917 -0.392013 0.676458
918 -1.4541375 0.20496383
919 -0.209552 0.951699
920 -0.5870915 0.3008025
921 -0.2877421 0.4828755
922 -0.5035324 0.5451621
923 -0.8398282 0.4414399
924 -0.41007544 0.95334186
925 -0.01581233 0.01973838
926 -1.704186 1.118285
927 -1.845476 1.627867
928 -1.978474 1.834671
929 -1.983206 1.547787
930 -1.5273719 2.0512106
931 -2.658468 1.035172
932 -1.0948451 2.9337469
933 -1.302966 1.8434762
934 -2.050902 1.826797
935 -0.917601 2.5310588
936 -1.385957 1.56887656
937 -0.5079556 1.8988564
938 -0.632481 0.6358239999999999
939 -0.4004253 0.8088610000000001
940 -0.6721073 0.39594102
941 -1.1871492 0.333908
942 -0.530869 0.878959
943 -1.6288972 0.187182
944 -0.8875 0.525625
945 -0.6316597 0.5507586
946 -0.6379302 0.5255918000000001
947 -0.6469192419999999 0.698481
948 -1.013573471 0.590575
949 -0.9408898 0.5316096
950 -0.01433378 0.0101201
951 -1.7821323 0.513473
952 -1.7196429 0.945179
953 -0.752355 1.55877
954 -0.241817 2.87701
955 -1.74246 2.183934
956 -0.7336536 3.7620654
957 -1.558018 1.236026
958 -0.7682330000000001 2.218229
959 -1.800752 1.866774
960 -1.6184691 1.6086493
961 -0.62048 2.656225
962 -1.566994 1.6959209
963 -0.1795003 0.1740979
964 -0.382655 0.377117
965 -0.358352 0.147583
966 -0.525309 0.4409297
967 -0.32497605 0.28330975
968 -0.2992823 0.568774
969 -0.794614 0.4563495
970 -0.634761 0.6542278
971 -0.5571076 0.4712638
972 -0.6167106999999999 0.3176012
973 -0.5701661 0.3084184
974 -0.4299976 0.3963676
975 -0.004841786 0.008645422
976 -0.892145 1.037448
977 -1.005868 0.713957
978 -1.755405 1.4864632
979 -1.163882 0.277189
980 -1.766997 0.840374
981 -1.239132 0.113204
982 -0.393595 1.367237
983 -1.178483 0.478283
984 -0.749667 1.273036
985 -1.698845 0.306496
986 -1.167871 0.07269200000000001
987 -0.303209 1.000709
988 -0.11774101 0.11044969
989 -0.0858076 0.1483342
990 -0.22481686 0.17369674
991 -0.1246173 0.075848
992 -0.07345359999999999 0.13231743
993 -0.0739856 0.13176977
994 -0.11254307 0.13546462
995 -0.19070552 0.13349228
996 -0.079635067 0.137303073
997 -0.094247145 0.203199145
998 -0.08606046000000001 0.14853733
999 -0.12946819 0.09949571
1000 -0.005429394 0.003689687
1001 -0.8304888 0.754804
1002 -1.3860994 1.611979
1003 -0.33398 1.57195
1004 -0.217837 2.293158
1005 -0.59244 2.012574
1006 -0.473056 3.241947
1007 -2.293211 1.341181
1008 -1.316551 0.935338
1009 -1.537467 0.836459
1010 -1.560921 1.732416
1011 -1.463935 1.3396024
1012 -1.1389399 2.1454401
1013 -0.37083402 0.38432048
1014 -0.2403289 0.5292426
1015 -0.254704 0.71592
1016 -0.202282 0.496191
1017 -0.504596 0.328356
1018 -0.2862668 1.207994
1019 -0.9780045000000001 0.1867966
1020 -0.2805451 0.35446527
1021 -0.4612627 0.5312294
1022 -0.4974078 0.520029
1023 -0.237157 0.6124605
1024 -0.6145227599999999 0.40642034
1025 -0.00775814 0.01734997
1026 -2.010091 1.7834631
1027 -1.475023 1.785812
1028 -2.003369 2.059689
1029 -1.9140721 2.11504
1030 -1.9834878 2.2937522
1031 -1.50425 1.937426
1032 -2.1413221 2.9702209
1033 -1.685136 1.2938413
1034 -1.781995 1.3398029
1035 -1.882113 2.290787
1036 -1.600687 1.3065047
1037 -1.1199874 1.313238
1038 -0.820839 0.728334
1039 -1.2501179 0.6410891
1040 -0.7922360000000001 1.727234
1041 -0.7073944 0.9314448
1042 -0.888845 0.651236
1043 -0.723808 1.4755608
1044 -0.838186 0.580732
1045 -0.6895231000000001 1.1109343
1046 -0.8711119000000001 1.0881704
1047 -1.2059182 0.6488371000000001
1048 -0.6876409999999999 0.8162674
1049 -0.739913 0.3664853
1050 -0.036177352 0.035148068
1051 -0.791332 0.520574
1052 -0.923891 0.350662
1053 -0.173853 0.81268
1054 -0.052493 1.310829
1055 -0.695515 1.019347
1056 -1.183399 1.412522
1057 -0.807352 0.500251
1058 -0.3939273 1.797732
1059 -0.784135 1.328922
1060 -0.111582 2.254324
1061 -0.056268 0.874708
1062 -1.41766 0.9442198000000001
1063 -0.1097834 0.0627479
1064 -0.169081 0.027023
1065 -0.178436 0.079878
1066 -0.1885694 0.16141513
1067 -0.341182 0.230568
1068 -0.1961005 0.2074338
1069 -0.0291879 0.138958
1070 -0.4680345 0.0470465
1071 -0.4550872 0.2142933
1072 -0.138945 0.192768
1073 -0.1059483 0.4716765
1074 -0.13052755 0.11253405
1075 -0.00322229 0.00281826
1076 -4.27601 1.2488
1077 -1.56053059 1.896092
1078 -1.474547 1.965381
1079 -2.236845 1.229614
1080 -3.1987738 1.786271
1081 -1.8346653 2.073626
1082 -1.26662501 1.77895299
1083 -2.7147393 1.225073
1084 -2.1869823 2.198899
1085 -2.0883074 1.3639436
1086 -1.2946367 0.755042
1087 -1.0728103 1.383432
1088 -0.3389838 0.2738053
1089 -0.5114813264 0.3993052736
1090 -0.3374079 0.4596387
1091 -0.301397651 0.3980477
1092 -0.4342198 0.4292238
1093 -0.3473985 0.5163784
1094 -0.37687398 0.4751327
1095 -0.3340805 0.4250724
1096 -0.3678557 0.310881
1097 -0.2475959 0.4850967
1098 -0.33681931 0.52206729
1099 -0.39259203 0.28693507
1100 -0.011151734 0.007935528000000001
1101 -1.67824 2.515017
1102 -3.49794142 2.155798
1103 -4.452098 2.628598
1104 -3.2293522 1.161168
1105 -2.123345 1.690853
1106 -3.7127083 2.1001227
1107 -2.049737 2.359885
1108 -3.01862 3.856208
1109 -2.9800788 2.219418
1110 -2.16408643 2.870885
1111 -3.899861 1.440713
1112 -1.756464 2.215898
1113 -0.600446 0.444472
1114 -0.5440845600000001 0.5424713
1115 -0.6460146 0.55066674
1116 -0.5444425000000001 0.6792496
1117 -0.4795525 0.7155103
1118 -0.70021777 0.54245003
1119 -0.6197033 0.7092411
1120 -0.62577237 0.40671403
1121 -0.73945479 0.75144581
1122 -0.41258311 0.64875569
1123 -0.4699084 0.6464683
1124 -0.51438228 0.63056352
1125 -0.02563371 0.0121281
1126 -1.647701 1.786211
1127 -0.970498 4.676781
1128 -2.304774 1.119946
1129 -1.473973 0.980857
1130 -2.373335 2.306299
1131 -2.20911 1.17369
1132 -1.296672 1.301021
1133 -1.450422 1.461359
1134 -2.08899 0.880426
1135 -1.173157 1.110486
1136 -1.372211 0.435546
1137 -1.038842 0.914382
1138 -0.2820996 0.392118
1139 -0.6059436 0.5914528
1140 -0.58129715 0.27081745
1141 -0.7195516 0.511694
1142 -0.4524703 0.4776137
1143 -0.4077647 0.491077
1144 -0.30349323 0.347151
1145 -0.3151062 0.4060229
1146 -0.3423271 0.7472213
1147 -0.46571713 0.2434351
1148 -0.4284842 0.3502651
1149 -0.3810285 0.3386377
1150 -0.0058791 0.01978254
1151 -0.8742529999999999 0.78786
1152 -1.270501 1.113708
1153 -1.181348 1.158219
1154 -0.980447 1.306016
1155 -1.2391186 1.366327
1156 -0.3266841 3.5464402
1157 -1.06051 0.808447
1158 -1.4003753 1.108052
1159 -1.390495 2.120425
1160 -0.6524174 1.8025611
1161 -1.50019 1.199951
1162 -1.412426 1.033217
1163 -0.1333348 0.192783412
1164 -0.15897 0.122656
1165 -0.2322064 0.1911114
1166 -0.2602258 0.2111367
1167 -0.2600574 0.2361844
1168 -0.2573839 0.3915389
1169 -0.6192231 0.1815155
1170 -0.33365528 0.2967614
1171 -0.364019 0.3972376
1172 -0.1754499 0.2668302
1173 -0.2810102 0.2493847
1174 -0.2851704 0.2202188
1175 -0.00414633 0.00356951
1176 -0.8742529999999999 0.78786
1177 -1.270501 1.113708
1178 -1.181348 1.158219
1179 -0.980447 1.306016
1180 -1.2391186 1.366327
1181 -0.3266841 3.5464402
1182 -1.06051 0.808447
1183 -1.4003753 1.108052
1184 -1.390495 2.120425
1185 -0.6524174 1.8025611
1186 -1.50019 1.199951
1187 -1.412426 1.033217
1188 -0.1333348 0.192783412
1189 -0.15897 0.122656
1190 -0.2322064 0.1911114
1191 -0.2602258 0.2111367
1192 -0.2600574 0.2361844
1193 -0.2573839 0.3915389
1194 -0.6192231 0.1815155
1195 -0.33365528 0.2967614
1196 -0.364019 0.3972376
1197 -0.1754499 0.2668302
1198 -0.2810102 0.2493847
1199 -0.2851704 0.2202188
1200 -0.00414633 0.00356951
1201 -0.279922 0.370007
1202 -0.9892628999999999 0.2030974
1203 -0.6461149 0.1921708
1204 -0.432618 0.006598
1205 -0.324106 0.338596
1206 -0.455162 0.152623
1207 -0.09381200000000001 1.897958
1208 -0.255876 0.540232
1209 -0.17518 0.301172
1210 -0.547557 0.123672
1211 -0.522278 0.002566
1212 -0.235804 0.704004
1213 -0.0198626 0.0342829
1214 -0.0199091 0.0318509
1215 -0.0177302 0.0337806
1216 -0.0352113 0.0243907
1217 -0.0961709 0.0498601
1218 -0.1548198 0.0481641
1219 -0.025182 0.0748273
1220 -0.06329899999999999 0.05248
1221 -0.09157899999999999 0.08791069999999999
1222 -0.0941768 0.1341993
1223 -0.2946177 0.1553153
1224 -0.2795719 0.1223142
1225 -0.00081902555 0.00051813995
1226 -0.13151 1.535875
1227 -0.52865927 0.44742193
1228 -0.796533 0.443253
1229 -1.032536 0.021855
1230 -0.541718 0.8886849999999999
1231 -1.223409 0.175113
1232 -0.477763 0.64924
1233 -0.548655 0.478988
1234 -0.544098 0.76574
1235 -0.8353269 0.386946
1236 -0.980766 0.07695299999999999
1237 -0.662489 0.706966
1238 -0.02634376 0.03125354
1239 -0.0305677 0.0559218
1240 -0.047097 0.03154072
1241 -0.1070583 0.07429180000000001
1242 -0.0649873 0.1436109
1243 -0.0634899 0.09079189999999999
1244 -0.0790062 0.2011696
1245 -0.04365113 0.14435039
1246 -0.0433602 0.1484507
1247 -0.07941860000000001 0.09999860000000001
1248 -0.1206004 0.1296213
1249 -0.0929654 0.1832554
1250 -8.347339000000001e-05 8.67611e-05
1251 -0.13151 1.535875
1252 -0.52865927 0.44742193
1253 -0.796533 0.443253
1254 -1.032536 0.021855
1255 -0.541718 0.8886849999999999
1256 -1.223409 0.175113
1257 -0.477763 0.64924
1258 -0.548655 0.478988
1259 -0.544098 0.76574
1260 -0.8353269 0.386946
1261 -0.980766 0.07695299999999999
1262 -0.662489 0.706966
1263 -0.02634376 0.03125354
1264 -0.0305677 0.0559218
1265 -0.047097 0.03154072
1266 -0.1070583 0.07429180000000001
1267 -0.0649873 0.1436109
1268 -0.0634899 0.09079189999999999
1269 -0.0790062 0.2011696
1270 -0.04365113 0.14435039
1271 -0.0433602 0.1484507
1272 -0.07941860000000001 0.09999860000000001
1273 -0.1206004 0.1296213
1274 -0.0929654 0.1832554
1275 -8.347339000000001e-05 8.67611e-05
1276 -1.044017 1.04876
1277 -1.4960467 0.93415
1278 -1.097657 2.44264
1279 -1.47758 2.1539
1280 -2.824347 1.404511
1281 -0.6000490000000001 2.474066
1282 -1.637742 1.596595
1283 -1.609314 1.791718
1284 -1.268434 1.358377
1285 -1.247788 1.7203863
1286 -1.281788 1.821437
1287 -1.1144467 1.9133647
1288 -0.1070157 0.2071219
1289 -0.3765787 0.470441288
1290 -0.30276647 0.26059033
1291 -0.3207692 0.649073
1292 -0.235784 0.433775
1293 -0.4280181 0.3044604
1294 -0.5355654 0.3851765
1295 -0.4925157 0.5073148
1296 -0.5815193400000001 0.32816706
1297 -0.3654172 0.5048899999999999
1298 -0.2416607 0.4416742
1299 -0.4456716 0.3871175
1300 -0.01196864 0.005569668
1301 -1.044017 1.04876
1302 -1.4960467 0.93415
1303 -1.097657 2.44264
1304 -1.47758 2.1539
1305 -2.824347 1.404511
1306 -0.6000490000000001 2.474066
1307 -1.637742 1.596595
1308 -1.609314 1.791718
1309 -1.268434 1.358377
1310 -1.247788 1.7203863
1311 -1.281788 1.821437
1312 -1.1144467 1.9133647
1313 -0.1070157 0.2071219
1314 -0.3765787 0.470441288
1315 -0.30276647 0.26059033
1316 -0.3207692 0.649073
1317 -0.235784 0.433775
1318 -0.4280181 0.3044604
1319 -0.5355654 0.3851765
1320 -0.4925157 0.5073148
1321 -0.5815193400000001 0.32816706
1322 -0.3654172 0.5048899999999999
1323 -0.2416607 0.4416742
1324 -0.4456716 0.3871175
1325 -0.01196864 0.005569668
1326 -0.034246 0.464311
1327 -0.25438354 0.12719226
1328 -0.2813273 0.0476076
1329 -0.575857 0.000857
1330 -0.276356 0.209294
1331 -0.382103 0.063584
1332 -0.09163200000000001 0.310926
1333 -0.15256 0.158377
1334 -0.287344 0.395323
1335 -0.384594 0.252749
1336 -0.509266 0.104567
1337 -0.126893 0.349356
1338 -0.005887099 0.01348015
1339 -0.01079421 0.02006362
1340 -0.0101167 0.07147019
1341 -0.06438259 0.02804031
1342 -0.04094617 0.04019768
1343 -0.044037361 0.04307634
1344 -0.05702883 0.02808835
1345 -0.035496148 0.06860436
1346 -0.026614111 0.02507
1347 -0.04503751 0.04675325
1348 -0.016471569 0.05507517
1349 -0.027955619 0.07119073099999999
1350 -5.091597e-05 9.24157e-05
1351 -0.034246 0.464311
1352 -0.25438354 0.12719226
1353 -0.2813273 0.0476076
1354 -0.575857 0.000857
1355 -0.276356 0.209294
1356 -0.382103 0.063584
1357 -0.09163200000000001 0.310926
1358 -0.15256 0.158377
1359 -0.287344 0.395323
1360 -0.384594 0.252749
1361 -0.509266 0.104567
1362 -0.126893 0.349356
1363 -0.005887099 0.01348015
1364 -0.01079421 0.02006362
1365 -0.0101167 0.07147019
1366 -0.06438259 0.02804031
1367 -0.04094617 0.04019768
1368 -0.044037361 0.04307634
1369 -0.05702883 0.02808835
1370 -0.035496148 0.06860436
1371 -0.026614111 0.02507
1372 -0.04503751 0.04675325
1373 -0.016471569 0.05507517
1374 -0.027955619 0.07119073099999999
1375 -5.091597e-05 9.24157e-05
1376 -0.994151 0.525586
1377 -1.533261 1.428068
1378 -0.759475 1.247418
1379 -2.75658 1.585428
1380 -1.674312 2.789606
1381 -0.776982 6.281675
1382 -2.586663 1.2998566
1383 -1.255059 1.0861892
1384 -1.952616506 1.703703
1385 -0.3822123 2.5037223
1386 -1.903201 1.7756755
1387 -1.229648 1.667413
1388 -0.2172789 0.09190339
1389 -0.18787886 0.13865034
1390 -0.17341362 0.13035422
1391 -0.19868505 0.10431695
1392 -0.259702727 0.2866621
1393 -0.12742393 0.20262122
1394 -0.19638509 0.1694265
1395 -0.2625699 0.144375043
1396 -0.19270195 0.12379926
1397 -0.15224031 0.24478419
1398 -0.27611319 0.14008492
1399 -0.23658874 0.18580836
1400 -0.001732939 0.003929177
1401 -0.994151 0.525586
1402 -1.533261 1.428068
1403 -0.759475 1.247418
1404 -2.75658 1.585428
1405 -1.674312 2.789606
1406 -0.776982 6.281675
1407 -2.586663 1.2998566
1408 -1.255059 1.0861892
1409 -1.952616506 1.703703
1410 -0.3822123 2.5037223
1411 -1.903201 1.7756755
1412 -1.229648 1.667413
1413 -0.2172789 0.09190339
1414 -0.18787886 0.13865034
1415 -0.17341362 0.13035422
1416 -0.19868505 0.10431695
1417 -0.259702727 0.2866621
1418 -0.12742393 0.20262122
1419 -0.19638509 0.1694265
1420 -0.2625699 0.144375043
1421 -0.19270195 0.12379926
1422 -0.15224031 0.24478419
1423 -0.27611319 0.14008492
1424 -0.23658874 0.18580836
1425 -0.001732939 0.003929177
1426 -0.9161550000000001 0.759094
1427 -1.108833 0.764176
1428 -0.86125 2.037502
1429 -0.476689 1.916672
1430 -1.43781 2.32458
1431 -0.680903 4.218276
1432 -2.0319974 3.148963
1433 -0.90477706 2.8705131
1434 -2.387875 1.255034
1435 -1.3815404 2.226657
1436 -1.4906499 1.7322156
1437 -2.3777792 1.3910055
1438 -0.07523283 0.11712036
1439 -0.2136159 0.2566252
1440 -0.19838618 0.20147322
1441 -0.1414252 0.158510025
1442 -0.2463796 0.2422411
1443 -0.19977247 0.2485988
1444 -0.30525937 0.2921045
1445 -0.27650959 0.3062667
1446 -0.24407411 0.17581389
1447 -0.21745014 0.14821436
1448 -0.31365468 0.32646602
1449 -0.2614878 0.20138395
1450 -0.005345517 0.006570111
1451 -0.9161550000000001 0.759094
1452 -1.108833 0.764176
1453 -0.86125 2.037502
1454 -0.476689 1.916672
1455 -1.43781 2.32458
1456 -0.680903 4.218276
1457 -2.0319974 3.148963
1458 -0.90477706 2.8705131
1459 -2.387875 1.255034
1460 -1.3815404 2.226657
1461 -1.4906499 1.7322156
1462 -2.3777792 1.3910055
1463 -0.07523283 0.11712036
1464 -0.2136159 0.2566252
1465 -0.19838618 0.20147322
1466 -0.1414252 0.158510025
1467 -0.2463796 0.2422411
1468 -0.19977247 0.2485988
1469 -0.30525937 0.2921045
1470 -0.27650959 0.3062667
1471 -0.24407411 0.17581389
1472 -0.21745014 0.14821436
1473 -0.31365468 0.32646602
1474 -0.2614878 0.20138395
1475 -0.005345517 0.006570111
1476 -0.450117 1.815353
1477 -0.3795943 0.70759766
1478 -0.533352 0.4509215
1479 -0.843284 0.100141
1480 -0.390981 0.927814
1481 -1.1688045 0.032734
1482 -0.397525 1.129161
1483 -0.6483888 0.6750660000000001
1484 -0.499724 1.21671
1485 -0.7230443 0.40615
1486 -1.143999 0.179945
1487 -0.849712 0.620571
1488 -0.04708321 0.04672646
1489 -0.03136389 0.03460986
1490 -0.05622107 0.0361593
1491 -0.09068399000000001 0.08186599999999999
1492 -0.05766811 0.0582443
1493 -0.09245854000000001 0.1565336
1494 -0.08846022000000001 0.1296546
1495 -0.0915087 0.134315
1496 -0.06380189999999999 0.102207
1497 -0.1522823 0.1723702
1498 -0.0538568 0.092277
1499 -0.0957916 0.2994695
1500 -0.0006694729 0.00036954839
1501 -0.450117 1.815353
1502 -0.3795943 0.70759766
1503 -0.533352 0.4509215
1504 -0.843284 0.100141
1505 -0.390981 0.927814
1506 -1.1688045 0.032734
1507 -0.397525 1.129161
1508 -0.6483888 0.6750660000000001
1509 -0.499724 1.21671
1510 -0.7230443 0.40615
1511 -1.143999 0.179945
1512 -0.849712 0.620571
1513 -0.04708321 0.04672646
1514 -0.03136389 0.03460986
1515 -0.05622107 0.0361593
1516 -0.09068399000000001 0.08186599999999999
1517 -0.05766811 0.0582443
1518 -0.09245854000000001 0.1565336
1519 -0.08846022000000001 0.1296546
1520 -0.0915087 0.134315
1521 -0.06380189999999999 0.102207
1522 -0.1522823 0.1723702
1523 -0.0538568 0.092277
1524 -0.0957916 0.2994695
1525 -0.0006694729 0.00036954839
1526 -0.039168 0.105183
1527 -0.494757 0.14813
1528 -0.37063 0.017314
1529 -0.126603 0.048407
1530 -0.046001 0.252488
1531 -0.336086 0.00032
1532 -0.09016200000000001 0.32864
1533 -0.143518 0.159885
1534 -0.09883 0.07903300000000001
1535 -0.543891 0.066869
1536 -0.342739 0.014446
1537 -0.195691 0.241079
1538 -0.009582 0.041353
1539 -0.045648 0.038809
1540 -0.0294045 0.0539234
1541 -0.139122 0.0341367
1542 -0.0209934 0.0240917
1543 -0.0236655 0.07506599999999999
1544 -0.021631 0.043609
1545 -0.024128 0.049313
1546 -0.035566 0.141136
1547 -0.028093 0.018945
1548 -0.042453 0.012654
1549 -0.1526146 0.0139287
1550 -0.00015449 0.000143473
1551 -0.757751 2.053346
1552 -0.649082 1.9775908
1553 -1.510137 1.085006
1554 -1.9297237 1.002634
1555 -1.186173 1.616607
1556 -3.3962918 1.184613
1557 -0.53276 1.983004
1558 -1.0804126 1.67933
1559 -1.437745 2.035866
1560 -1.4926259 1.6415775
1561 -1.776369 1.07122666
1562 -1.076521 1.569783
1563 -0.12133593 0.14512323
1564 -0.20089 0.161138
1565 -0.1700954 0.1442865
1566 -0.2000253 0.2277149
1567 -0.1880408 0.2556845
1568 -0.1704046 0.1673202
1569 -0.30473895 0.1998401
1570 -0.20282222 0.2276863
1571 -0.19878645 0.1682632
1572 -0.18677948 0.2175461
1573 -0.2297814799 0.2117395
1574 -0.20417896 0.2888311
1575 -0.00335397 0.003213919
1576 -0.757751 2.053346
1577 -0.649082 1.9775908
1578 -1.510137 1.085006
1579 -1.9297237 1.002634
1580 -1.186173 1.616607
1581 -3.3962918 1.184613
1582 -0.53276 1.983004
1583 -1.0804126 1.67933
1584 -1.437745 2.035866
1585 -1.4926259 1.6415775
1586 -1.776369 1.07122666
1587 -1.076521 1.569783
1588 -0.12133593 0.14512323
1589 -0.20089 0.161138
1590 -0.1700954 0.1442865
1591 -0.2000253 0.2277149
1592 -0.1880408 0.2556845
1593 -0.1704046 0.1673202
1594 -0.30473895 0.1998401
1595 -0.20282222 0.2276863
1596 -0.19878645 0.1682632
1597 -0.18677948 0.2175461
1598 -0.2297814799 0.2117395
1599 -0.20417896 0.2888311
1600 -0.00335397 0.003213919
1601 -1.292597 0.788942
1602 -2.15322919 0.754896
1603 -1.5311169 1.631943
1604 -1.0089913 1.7995536
1605 -1.385453 2.5396
1606 -0.6374339999999999 5.1382152
1607 -2.080152 5.1757585
1608 -2.479603 1.864671
1609 -3.53653 3.2930879
1610 -1.696975 1.6437225
1611 0.016148 4.065315
1612 -1.746831 1.6219709
1613 -0.11478562 0.111152
1614 -0.4155147 0.2143564
1615 -0.32106481 0.15545949
1616 -0.5078619 0.2293438
1617 -0.3410691 0.2546045
1618 -0.4123346 0.2798248
1619 -0.2072915 0.2466436
1620 -0.4393368 0.2847832
1621 -0.22583012 0.4482963
1622 -0.4268479 0.3470917
1623 -0.21062552 0.33507398
1624 -0.1991279 0.2934665
1625 -0.004558054 0.0040562203
1626 -0.6714560000000001 0.956809
1627 -1.312578 1.418304
1628 -1.759144 1.186672
1629 -2.306608 1.539486
1630 -0.8316079 2.538105
1631 -0.258744 3.390425
1632 -0.9187380000000001 3.14808
1633 -0.9671687 1.918578
1634 -2.8917216 2.7842894
1635 -0.647846 5.478384
1636 -1.379818 2.106132
1637 -1.691288 1.001989
1638 -0.26499528 0.30654512
1639 -0.527685 0.53422
1640 -0.351758 0.427909
1641 -0.629478 0.82381
1642 -0.711884 0.5038597
1643 -0.750321 0.2805295
1644 -0.19301476 0.90218374
1645 -0.4621292 0.45118119
1646 -0.62101 0.3751609
1647 -0.7698554 0.5910109
1648 -0.3089328 0.8406865
1649 -0.6641832 0.878288
1650 -0.00749345 0.00732874
1651 -1.758262 1.100774
1652 -2.12896451 1.593274
1653 -1.648014 3.082838
1654 -1.958016 2.441993
1655 -3.205283 2.188005
1656 -2.021915 2.796898
1657 -2.676387 2.9617454
1658 -1.777216 2.8036126
1659 -2.488881 2.773043
1660 -2.4134729 2.9955971
1661 -1.55125792 3.06314308
1662 -2.396695 2.1781243
1663 -0.358779 0.5338081
1664 -0.751722 0.850606
1665 -1.00663447 0.27208
1666 -0.817541 0.44888
1667 -0.6686806 1.073564
1668 -1.5291867 0.071392
1669 -0.4277376 0.815598
1670 -1.0943155 0.7283790999999999
1671 -0.5617858999999999 0.8498538
1672 -1.0372386 0.4889607
1673 -1.2504477 0.6581375
1674 -0.5472396 0.8680765
1675 -0.0125971 0.0196062
1676 -1.006048 0.970619
1677 -0.865765 1.285889
1678 -1.928146 1.209027
1679 -2.0916394 1.478809
1680 -1.146542 1.727802
1681 -2.6068344 1.9088596
1682 -1.2593127 1.807383
1683 -1.4532096 1.174091
1684 -1.1606561 1.670376
1685 -1.3530915 1.486315
1686 -1.5371884 0.5573446
1687 -1.1740382 1.24686
1688 -0.384156 0.643496
1689 -0.3738509 0.4225623
1690 -0.66887916 1.05080254
1691 -0.475484 0.707812
1692 -0.477754 0.586398
1693 -0.136117 1.3705682
1694 -0.519552 0.272977
1695 -0.66976 0.63042
1696 -0.437201 0.6898834
1697 -0.378878 0.5968209
1698 -0.226423 1.028139
1699 -0.595796 0.3549394
1700 -0.03145019 0.0115587
1701 -0.634898 0.157048
1702 -0.872004 0.873436
1703 -0.578498 0.65722
1704 -0.037895 1.271768
1705 -0.841557 0.800967
1706 -0.354248 1.126804
1707 -0.897724 1.17173525
1708 -0.612113 0.856804
1709 -0.4867581 1.4774646
1710 -0.246495 1.011832
1711 -0.776386 1.2514
1712 -1.1092446 0.800393
1713 -0.368733 0.247016
1714 -0.475554 0.261706
1715 -0.261432 0.4339131
1716 -0.124135 0.295703
1717 -0.2585228 0.43236221
1718 -0.055852 0.5344545000000001
1719 -0.314338 0.3251004
1720 -0.4196094 0.8825730000000001
1721 -0.155751 0.56379748
1722 -0.171713 0.349307
1723 -0.355812 0.439507
1724 -0.664687 0.2979833
1725 -0.00982651 0.007743
1726 -1.913406 0.674436
1727 -3.286421 1.4238557
1728 -3.199212 1.369806
1729 -2.006092 1.974066
1730 -0.8738146 2.6560894
1731 -1.78644 3.695156
1732 -2.421084 2.186476
1733 -3.184553 2.614821
1734 -1.9348732 2.7839558
1735 -2.1454343 3.281368
1736 -2.5004496 3.5726564
1737 -1.726726 0.969919
1738 -0.718943 0.926134
1739 -1.316371 0.7102007
1740 -0.545413 1.509514
1741 -0.754613 0.8238259999999999
1742 -0.703155 0.6474923
1743 -0.6284747000000001 1.322997
1744 -1.328146 0.7758402
1745 -1.02050036 1.19829964
1746 -0.9174601999999999 0.7392974
1747 -1.10583689 0.79741431
1748 -1.0668428 0.6793931
1749 -1.118135 0.378645
1750 -0.01482594 0.0166744
1751 -0.8260189999999999 0.712491
1752 -1.601546 1.0059
1753 -1.261645 1.427204
1754 -1.667328 2.595223
1755 -0.883404 1.858803
1756 -1.109956 1.928838
1757 -0.987094 1.702898
1758 -2.478305 1.091039
1759 -0.97942 2.298441
1760 -0.852443 1.6156832
1761 -0.183907 1.696193
1762 -1.867144 1.49702
1763 -0.257924 0.478717
1764 -0.4172107 0.5335585
1765 -0.7817731999999999 0.7028466
1766 -0.644579 0.240964
1767 -0.4654667 0.7985370000000001
1768 -1.015731 0.8169299
1769 -0.83399404 0.39067816
1770 -0.6074879 1.258466
1771 -0.4944295 0.6457857
1772 -0.6297421 0.5094173
1773 -0.5977778500000001 0.3292371
1774 -0.3559026 0.7016644
1775 -0.01213385 0.00544826
1776 -0.725538 1.286934
1777 -1.060179 0.891155
1778 -1.227082 1.482894
1779 -1.010936 3.769681
1780 -1.40176 1.765574
1781 -1.072397 3.417636
1782 -2.275625 2.0296616
1783 -1.1702169 2.621257
1784 -1.926688 1.451173
1785 -2.770321 1.7156287
1786 -0.267302 3.241839
1787 -2.52404 1.071035
1788 -0.2082356 0.1467093
1789 -0.2764402 0.2294511
1790 -0.414502 0.322889
1791 -0.1770797 0.3211247
1792 -0.513338 0.360044
1793 -0.4692082 0.2610144
1794 -0.368006 0.5763735
1795 -0.5890564 0.367684
1796 -0.346605 0.543685
1797 -0.2208447 0.4293593
1798 -0.500768 0.3579381
1799 -0.2917918 0.3269678
1800 -0.008048278000000001 0.0054690698
1801 -0.271153 0.900648
1802 -0.734555 1.0602496
1803 -0.818415 0.5278271
1804 -0.917592 0.330707
1805 -0.518168 0.902329
1806 -2.4486887 0.5009400000000001
1807 -0.6239749999999999 1.331607
1808 -0.517803 0.4401
1809 -1.064928 0.50227
1810 -0.89067 0.307829
1811 -2.059517 0.315404
1812 -0.900902 0.715232
1813 -0.3464108 0.3662607
1814 -0.313736 0.3201536
1815 -0.6736326 0.8282350000000001
1816 -0.143598 0.637185
1817 -0.357896 0.5966428
1818 -0.162231 0.8170322
1819 -0.439284 0.2382113
1820 -0.2779836 0.3528027
1821 -0.445948 0.4540652
1822 -0.4690531 0.398737
1823 -0.327244 0.3130166
1824 -0.451001 0.33335133
1825 -0.0128134 0.005022
1826 -1.989945 1.16807
1827 -1.778637 0.7806311
1828 -1.146031 3.719289
1829 -1.421157 3.041229
1830 -2.114737 2.802804
1831 -0.88667 3.183221
1832 -2.45306 2.0131491
1833 -1.1311714 2.7741121
1834 -2.56361 2.167114
1835 -1.554068 2.2936433
1836 -0.833342 3.230631
1837 -2.1357411 2.0002389
1838 -0.4240809 0.5075498000000001
1839 -0.394628 0.359964
1840 -0.84525302 0.27057568
1841 -0.654715 0.403756
1842 -0.219916 0.818744
1843 -0.8484758 0.4384954
1844 -0.324975471 1.259152129
1845 -0.71101 0.4542438
1846 -0.5149586 0.851656
1847 -0.5716877 0.7274192
1848 -0.7768081 0.26129614
1849 -0.4114803 0.7988667
1850 -0.0150944 0.01115025
1851 -1.406158 1.465215
1852 -1.788046 1.30424067
1853 -2.090606 2.535
1854 -1.2836192 1.964032
1855 -1.94419 1.68264
1856 -0.634908 3.889644
1857 -2.208765 2.924164
1858 -1.8576413 2.7377007
1859 -2.798459 1.115111
1860 -1.401517 1.698525
1861 -1.39698 3.418584
1862 -2.7039557 1.2563313
1863 -0.499942 0.398459
1864 -0.643035 0.731612
1865 -0.3175577 1.1145283
1866 -0.602684 0.618108
1867 -0.649777 0.370049
1868 -0.5731566 1.0565215
1869 -1.213835 0.412856
1870 -0.6307147 0.6531816
1871 -0.8699256 0.5625658
1872 -1.2224153 0.5177854
1873 -0.3369737 0.711978
1874 -0.7645786 0.55650185
1875 -0.009305890000000001 0.01535586
1876 -2.031153 2.094713
1877 -0.772346 2.1622694
1878 -2.643639 1.678999
1879 -1.730212 1.765675
1880 -2.442363 2.094482
1881 -3.120022 0.749261
1882 -1.071472 1.879212
1883 -2.3735941 0.904879
1884 -1.455071 1.752841
1885 -2.2287576 1.0966814
1886 -3.694123 1.154963
1887 -1.388067 1.460158
1888 -0.42029393 0.20960697
1889 -0.201659 0.3322599
1890 -0.3876404 0.27888702
1891 -0.2186607 0.3842928
1892 -0.3244425 0.419891
1893 -0.2101665 0.3127446
1894 -0.1987549 0.63916048
1895 -0.3571381 0.27023424
1896 -0.3390777 0.3663526
1897 -0.229675 0.3085773
1898 -0.3082635 0.32061632
1899 -0.2645628 0.410979
1900 -0.00947071 0.00959543
1901 -1.4858977 1.6820403
1902 -2.121332 0.426331
1903 -1.28122 2.72364
1904 -0.20429 4.599908
1905 -1.430451 1.5865
1906 -1.02822784 4.4077843
1907 -1.756054 1.241872
1908 -1.191652 2.768176
1909 -1.252589 2.139544
1910 -2.636002 0.8889967
1911 -0.044869 3.8562394
1912 -2.206967 3.288846
1913 -0.08911376999999999 0.0853578
1914 -0.135590009 0.1703381
1915 -0.2018611 0.1567121
1916 -0.254713216 0.1712141
1917 -0.15469591 0.22764109
1918 -0.24901903 0.14840087
1919 -0.36428018 0.19868802
1920 -0.22060824 0.22458746
1921 -0.15434954 0.28115406
1922 -0.24162688 0.19562062
1923 -0.37246262 0.48012368
1924 -0.13162082 0.2497211
1925 -0.00720188 0.005555019
1926 -2.39915 2.469035
1927 -2.59563 3.876758
1928 -3.737506 2.927962
1929 -2.5693975 1.980779
1930 -2.817922 2.596689
1931 -4.425184 2.22057654
1932 -2.9843563 2.236309
1933 -1.9702184 2.158117
1934 -3.4630923 1.881439
1935 -2.5289038 1.8411532
1936 -2.6778893 2.2166157
1937 -1.244616 2.163698
1938 -0.6837259999999999 0.712186
1939 -0.5185364 0.5242478
1940 -0.4415515 0.6007207
1941 -0.8390893 0.5290246
1942 -0.6880543 0.7721065
1943 -0.66903323 0.84799207
1944 -0.5568297 0.8233047999999999
1945 -0.4205567 0.6490726999999999
1946 -0.5043524 0.8251326
1947 -0.6145954 0.5186101
1948 -0.4308662 0.31380051
1949 -0.6786939 0.5593103699999999
1950 -0.03105901 0.02287042
1951 -1.4776045 1.543894
1952 -2.0893223 1.047388
1953 -0.686437 2.208816
1954 -0.351902 3.268454
1955 -2.46167 3.116947
1956 -1.415056 4.517419
1957 -1.752523 1.5369037
1958 -1.93778 2.807444
1959 -1.98022 1.290204
1960 -2.6397654 0.8750336
1961 -0.368406 3.7374053
1962 -3.497867 2.138399
1963 -0.2679684 0.227286
1964 -0.1592176 0.3148479
1965 -0.581281 0.281776
1966 -0.524056 0.296781
1967 -0.2571976 0.540635
1968 -0.881583 0.222063
1969 -0.3428824 0.7566731
1970 -0.7868875 0.8907444
1971 -0.7336241999999999 0.35278737
1972 -0.387869 0.42438
1973 -0.41212102 0.6862113
1974 -0.283080719 0.4443905
1975 -0.00828511 0.01130159
1976 -0.70909 0.59788
1977 -0.74959 0.567391
1978 -1.9438647 1.6276883
1979 -1.194392 0.79944
1980 -0.792486 1.365225
1981 -1.2284373 0.557241
1982 -0.966422 1.393186
1983 -0.968988 0.5726020000000001
1984 -1.271648 0.63513
1985 -0.617542 0.659693
1986 -1.264549 0.795702
1987 -0.6526782 1.335364
1988 -0.180308 0.27372
1989 -0.585572 0.2514751
1990 -0.22037 0.443238
1991 -0.147642 0.5509191
1992 -0.244702 0.471155
1993 -0.232658 0.413415
1994 -0.360247 0.328811
1995 -0.103461 0.40082
1996 -0.268286 0.408338
1997 -0.304546 0.295768
1998 -0.145884 0.40277
1999 -0.3150734 0.2137025
2000 -0.00496409 0.0103647
2001 -0.656334 0.3105568
2002 -0.826364 0.189696
2003 -0.438309 1.22479
2004 -0.01081 1.05108
2005 -0.711903 0.264223
2006 -0.080874 0.6795493
2007 -0.795614 0.291643
2008 -0.120378 0.472322
2009 -0.384533 0.808712
2010 -0.5061316 0.7627293000000001
2011 -0.208771 0.562733
2012 -0.199072 0.383802
2013 -0.04306426 0.037755
2014 -0.080015 0.06888329999999999
2015 -0.053785908 0.106149742
2016 -0.1979375 0.0807615
2017 -0.0682913 0.135483
2018 -0.07137979999999999 0.0905485
2019 -0.2623882 0.118776
2020 -0.10395079 0.1581744
2021 -0.08213719999999999 0.06113264
2022 -0.09213267999999999 0.1037947
2023 -0.043171 0.1036997
2024 -0.2062232 0.05956259
2025 -0.00123517 0.00475068
2026 -0.79579 1.333929
2027 -1.424915 1.96909
2028 -1.7461428 1.03185
2029 -2.121337 1.042533
2030 -1.567196 2.143124
2031 -2.0448491 2.3413389
2032 -2.5369254 1.216955
2033 -2.476231 1.863917
2034 -2.3208507 2.297783
2035 -1.5145635 2.062333
2036 -2.1821165 1.073562
2037 -1.497887 1.437491
2038 -0.767459 0.225217
2039 -0.276785 0.5465633
2040 -0.5596888 0.4914774
2041 -0.137351 0.517136
2042 -0.758776 0.5440572
2043 -0.236574 1.20953099
2044 -0.301181 0.3487023
2045 -0.7293925 0.5110335
2046 -0.3585556 0.5725579
2047 -0.4874758 0.652267
2048 -0.310388 0.7825279000000001
2049 -0.46970151 0.58495719
2050 -0.0196105 0.0158324
2051 -2.22664 1.76513
2052 -4.042482 1.629362
2053 -5.330932 2.1251124
2054 -2.1642247 3.4420533
2055 -3.26932 3.915061
2056 -3.691691 1.4913976
2057 -2.121636 2.76767
2058 -3.13360428 1.413085
2059 -3.230313 1.953177
2060 -1.9403388 1.697263
2061 -2.5983672 1.9188618
2062 -1.712207 1.911056
2063 -0.45167169 0.11953558
2064 -0.3976401 0.47726878
2065 -0.545024612 0.548579488
2066 -0.3572513 0.4707847
2067 -0.4311517 0.48062052
2068 -0.2989675 0.4154607
2069 -0.3271422 0.4676366
2070 -0.41511353 0.39261377
2071 -0.31834454 0.47194506
2072 -0.39817342 0.45765308
2073 -0.45226657 0.37378033
2074 -0.37030722 0.38590928
2075 -0.009840623999999999 0.008821081999999999
2076 -1.5467167 1.453744
2077 -1.182534 0.634648
2078 -1.256096 0.645693
2079 -1.494199 0.447902
2080 -0.721147 1.05962
2081 -1.5847203 0.3385799
2082 -0.859247 1.4192994
2083 -0.682353 1.158477
2084 -0.911284 1.115269
2085 -0.89683 1.199728
2086 -0.973019 1.411247
2087 -0.841315 1.51074964
2088 -0.296296 0.447685
2089 -0.131367 0.3899607
2090 -0.864712 0.40606
2091 -0.5736928 0.11409
2092 -0.271048 0.5122060000000001
2093 -0.7314266 0.132688
2094 -0.5727741 0.181628
2095 -0.4592279 0.370227
2096 -0.4317195 0.403832
2097 -0.6181888 0.4476696
2098 -0.7998582 0.1444056
2099 -0.33423805 0.5259012
2100 -0.01312868 0.00972085
2101 -0.5901110000000001 0.631582
2102 -0.161432 0.349017
2103 -0.331491 0.839519
2104 -0.6865486 1.052879
2105 -0.599752 0.380391
2106 -0.102006 0.5190129999999999
2107 -0.350815 0.872651
2108 -0.638446 0.199782
2109 -0.45779 0.5570619999999999
2110 -0.229212 0.401278
2111 -0.196912 0.3429666
2112 -0.380478 0.296021
2113 -0.211991 0.333073
2114 -0.1527786 0.0986399
2115 -0.043308 0.537014
2116 -0.025841 0.520012
2117 -0.129676 0.233554
2118 -0.036391 0.428885
2119 -0.418867 0.194669
2120 -0.153544 0.177706
2121 -0.149888 0.09014
2122 -0.276021 0.3014282
2123 -0.003049 0.321798
2124 -0.1631127 0.1748072
2125 -0.0088517189 0.006649968
2126 -0.556183 1.443114
2127 -0.4459 0.8565403
2128 -0.9587613 0.3274291
2129 -1.27556 0.287375
2130 -0.559135 1.102697
2131 -1.686746 0.159905
2132 -0.541191 0.606426
2133 -0.651667 0.597955
2134 -0.629653 1.013346
2135 -1.563959 0.177048
2136 -1.505964 0.085937
2137 -0.584385 1.470763
2138 -0.047182998 0.08162301199999999
2139 -0.058617368 0.041595242
2140 -0.11011686 0.05913047
2141 -0.10556574 0.11396727
2142 -0.1559115 0.14017217
2143 -0.08086939999999999 0.10002318
2144 -0.1349152 0.1294706
2145 -0.222406 0.0962718
2146 -0.1492282 0.08237650000000001
2147 -0.1452262 0.1132295
2148 -0.0923837 0.17323409
2149 -0.1025905 0.17902464
2150 -0.0019268464 0.0013549085
2151 -0.903512 1.937103
2152 -1.724852 1.064892
2153 -2.088401 0.494876
2154 -1.858629 0.58165
2155 -1.315349 1.300365
2156 -2.5735048 0.7369602
2157 -1.2789708 0.825325
2158 -1.3575015 0.7124652
2159 -1.3033767 1.2984838
2160 -1.2268381 0.9070363299999999
2161 -1.3134919 0.72816562
2162 -0.57842274 1.91618756
2163 -0.555878 0.470527
2164 -0.277109 0.396168
2165 -0.685856 0.492368
2166 -0.37267 0.47509
2167 -0.45166371 0.40756779
2168 -0.4456409 0.8651548
2169 -0.66047776 0.3597922
2170 -1.23543159 0.2768
2171 -0.6496011 0.67333
2172 -0.5001993 0.501837
2173 -0.4034085 0.1836263
2174 -0.6243880000000001 0.403403
2175 -0.01914633 0.0206492
2176 -0.785428 1.665366
2177 -1.1374841 1.305298
2178 -2.351696 1.1388416
2179 -2.056286 0.740842
2180 -1.699522 2.035047
2181 -3.0343724 0.260193
2182 -1.639656 2.756695
2183 -1.288183 2.012672
2184 -1.439972 1.955114
2185 -2.0703439 0.541631
2186 -2.91895238 0.7834179999999999
2187 -1.098032 1.249979
2188 -0.30540882 0.25033708
2189 -0.20286882 0.3058014
2190 -0.5261772 0.3173213
2191 -0.35148874 0.2609837
2192 -0.5095235 0.5612344
2193 -0.4766463 0.353091
2194 -0.50390187 0.40394423
2195 -0.3531158 0.7242008
2196 -0.2433969 0.416477
2197 -0.3239261 0.3580983
2198 -0.38336282 0.46381678
2199 -0.43305526 0.36247234
2200 -0.008351768000000001 0.011246826
2201 -1.569021 1.1092
2202 -2.991537 2.441169
2203 -2.57193 2.245653
2204 -0.734233 2.8806161
2205 -1.703195 2.718077
2206 -0.855808 3.53184
2207 -2.7534 2.361637
2208 -1.451543 3.699943
2209 -2.7194834 2.733151
2210 -1.568931 3.876352
2211 -1.034417 2.874159
2212 -2.028706 1.823362
2213 -0.2109639 0.1859338
2214 -0.3722382 0.1695216
2215 -0.276386 0.481993
2216 -0.4115318 0.4588694
2217 -0.403719 0.382828
2218 -0.48376 0.567802
2219 -0.4952999 0.612611
2220 -0.224794 0.572866
2221 -0.4866475 0.283482
2222 -0.618349 0.276887
2223 -0.49965887 0.4641739
2224 -0.475842 0.358055
2225 -0.007225375 0.007717281
2226 -0.473395 0.085534
2227 -0.420267 1.135499
2228 -0.37378 1.301858
2229 -0.111527 1.033879
2230 -0.460937 0.555403
2231 -0.25419 1.84477079
2232 -0.177777 1.406016
2233 -0.2019022 1.639712
2234 -0.3458 1.99835
2235 -0.00333 0.761634
2236 -0.334199 1.452772
2237 -0.3288664 0.8576155
2238 -0.0643807 0.0557439
2239 -0.2334596 0.0141807
2240 -0.08490499999999999 0.094136
2241 -0.1293547 0.057236
2242 -0.30006 0.068388
2243 -0.075877 0.437799
2244 -0.09270639999999999 0.2383381
2245 -0.0413878 0.16656007
2246 -0.1132478 0.14614928
2247 -0.0583706 0.4907855
2248 -0.12024578 0.3300802
2249 -0.2231238 0.1959956
2250 -0.00068122 0.001674727
2251 -0.818112 0.6084310000000001
2252 -1.186742 1.011372
2253 -0.670356 1.608923
2254 -0.990374 1.79094
2255 -1.112563 1.248374
2256 -0.4283215 2.3323271
2257 -1.273164 1.05847
2258 -0.78197427 0.8959062
2259 -1.1090054 2.0128729
2260 -1.100983 1.9630922
2261 -1.161584 3.067437
2262 -2.79128 0.883235
2263 -0.0943344 0.114832
2264 -0.1298974 0.122917
2265 -0.12711974 0.247814
2266 -0.2320636 0.2372622
2267 -0.19748931 0.22485019
2268 -0.4972308 0.3075502
2269 -0.2778351 0.2718948
2270 -0.213019 0.15417766
2271 -0.4321269 0.3072321
2272 -0.1857237 0.4365412
2273 -0.1864961 0.4061099
2274 -0.24840908 0.2184404
2275 -0.00423265 0.00176036
2276 -0.818112 0.6084310000000001
2277 -1.186742 1.011372
2278 -0.670356 1.608923
2279 -0.990374 1.79094
2280 -1.112563 1.248374
2281 -0.4283215 2.3323271
2282 -1.273164 1.05847
2283 -0.78197427 0.8959062
2284 -1.1090054 2.0128729
2285 -1.100983 1.9630922
2286 -1.161584 3.067437
2287 -2.79128 0.883235
2288 -0.0943344 0.114832
2289 -0.1298974 0.122917
2290 -0.12711974 0.247814
2291 -0.2320636 0.2372622
2292 -0.19748931 0.22485019
2293 -0.4972308 0.3075502
2294 -0.2778351 0.2718948
2295 -0.213019 0.15417766
2296 -0.4321269 0.3072321
2297 -0.1857237 0.4365412
2298 -0.1864961 0.4061099
2299 -0.24840908 0.2184404
2300 -0.00423265 0.00176036
2301 -0.028059 1.084964
2302 -0.4418714 0.2287331
2303 -0.478117 0.067395
2304 -0.67252 0.04805
2305 -0.283659 0.548121
2306 -0.6239749999999999 0.143168
2307 -0.330678 0.658207
2308 -0.223734 0.5328270000000001
2309 -0.981034 0.895499
2310 -0.905307 0.370719
2311 -0.9409429 0.319949
2312 -0.340401 0.825651
2313 -0.01842074 0.02211331
2314 -0.0267886 0.0287433
2315 -0.0559934 0.0568964
2316 -0.0967462 0.0280375
2317 -0.0641767 0.0506679
2318 -0.0855746 0.0734071
2319 -0.054786 0.0344145
2320 -0.0616257 0.1117327
2321 -0.0785512 0.12877221
2322 -0.0809961 0.06566590999999999
2323 -0.1146955 0.07489848
2324 -0.14934954 0.06410717
2325 -0.000143839417 5.1546023e-05
2326 -0.028059 1.084964
2327 -0.4418714 0.2287331
2328 -0.478117 0.067395
2329 -0.67252 0.04805
2330 -0.283659 0.548121
2331 -0.6239749999999999 0.143168
2332 -0.330678 0.658207
2333 -0.223734 0.5328270000000001
2334 -0.981034 0.895499
2335 -0.905307 0.370719
2336 -0.9409429 0.319949
2337 -0.340401 0.825651
2338 -0.01842074 0.02211331
2339 -0.0267886 0.0287433
2340 -0.0559934 0.0568964
2341 -0.0967462 0.0280375
2342 -0.0641767 0.0506679
2343 -0.0855746 0.0734071
2344 -0.054786 0.0344145
2345 -0.0616257 0.1117327
2346 -0.0785512 0.12877221
2347 -0.0809961 0.06566590999999999
2348 -0.1146955 0.07489848
2349 -0.14934954 0.06410717
2350 -0.000143839417 5.1546023e-05
2351 -0.743924 1.404863
2352 -0.8997767 1.3299427
2353 -1.059166 0.576373
2354 -1.248352 0.278863
2355 -0.561395 1.044783
2356 -1.9434487 0.332294
2357 -0.658263 2.178006
2358 -0.621828 1.166543
2359 -0.7084510000000001 1.355567
2360 -1.3369466 0.8380936
2361 -1.5796612 0.605872
2362 -1.127688 1.139726
2363 -0.08753355 0.09181590000000001
2364 -0.13320825 0.1003263
2365 -0.10944971 0.13001352
2366 -0.14847905 0.12323889
2367 -0.1614705 0.1438954
2368 -0.2953454 0.1833271
2369 -0.289311 0.2005349
2370 -0.212452 0.251599
2371 -0.224796 0.21918
2372 -0.1458133 0.266084
2373 -0.2629265 0.2726376
2374 -0.270492 0.20864238
2375 -0.0025895089 0.0020103771
2376 -0.147793 2.846175
2377 -0.5618708 0.7286601
2378 -0.911759 0.377684
2379 -1.004293 0.264282
2380 -0.529602 0.978151
2381 -2.4630411 0.136311
2382 -0.399256 1.265821
2383 -0.268647 0.87249
2384 -0.6488930000000001 0.906362
2385 -1.02442153 0.4146428
2386 -1.0426663 0.407165
2387 -0.931551 0.922597
2388 -0.01891528 0.05891915
2389 -0.0452706 0.04609982
2390 -0.0517965 0.0726681
2391 -0.07096570000000001 0.1160505
2392 -0.1222668 0.1006961
2393 -0.0882979 0.0868998
2394 -0.17803553 0.1285642
2395 -0.1014027 0.15950081
2396 -0.0939021 0.1122467
2397 -0.07134939999999999 0.1019279
2398 -0.1010498 0.1281195
2399 -0.1504898 0.1148667
2400 -0.00021961367 0.00014881563
2401 -0.147793 2.846175
2402 -0.5618708 0.7286601
2403 -0.911759 0.377684
2404 -1.004293 0.264282
2405 -0.529602 0.978151
2406 -2.4630411 0.136311
2407 -0.399256 1.265821
2408 -0.268647 0.87249
2409 -0.6488930000000001 0.906362
2410 -1.02442153 0.4146428
2411 -1.0426663 0.407165
2412 -0.931551 0.922597
2413 -0.01891528 0.05891915
2414 -0.0452706 0.04609982
2415 -0.0517965 0.0726681
2416 -0.07096570000000001 0.1160505
2417 -0.1222668 0.1006961
2418 -0.0882979 0.0868998
2419 -0.17803553 0.1285642
2420 -0.1014027 0.15950081
2421 -0.0939021 0.1122467
2422 -0.07134939999999999 0.1019279
2423 -0.1010498 0.1281195
2424 -0.1504898 0.1148667
2425 -0.00021961367 0.00014881563
2426 -0.57799 1.0454953
2427 -1.00617042 0.9332039
2428 -1.0531076 1.3481184
2429 -1.702348 0.549745
2430 -1.80921 1.675844
2431 -4.001005 0.267464
2432 -1.246911 1.651212
2433 -1.3326378 0.937998
2434 -1.7677953 1.382255
2435 -1.7008626 0.7472215
2436 -1.5431037 0.5042122999999999
2437 -0.8954559 1.542797
2438 -0.121776 0.362357
2439 -0.095277 0.316732
2440 -0.343827 0.4931349
2441 -0.53208 0.4073736
2442 -0.3705581 0.6254893
2443 -0.4618918 0.2243304
2444 -0.6254573 0.558274
2445 -0.6892481 0.326503
2446 -0.547353 0.156974
2447 -0.7822852 0.308771
2448 -0.5814734 0.477616
2449 -0.3175212 0.4956996
2450 -0.00636719 0.01514193
2451 -2.200551 2.061303
2452 -2.528882 1.53427
2453 -3.655668 2.043741
2454 -1.87423 1.564766
2455 -1.1939157 2.7143921
2456 -3.081096 1.141253
2457 -0.8032629999999999 2.980193
2458 -1.527744 1.435366
2459 -1.078324 1.967176
2460 -1.049965 2.674764
2461 -1.660784 2.4198439
2462 -1.3922144 2.0405306
2463 -0.59283126 0.2891376
2464 -0.5006035 0.2230474
2465 -0.37985862 0.3184212
2466 -0.2608789 0.4863748
2467 -0.660527 0.4186838
2468 -0.1729685 0.6718432
2469 -0.4704977 0.36554797
2470 -0.3708783 0.258526081
2471 -0.4410192 0.5339319
2472 -0.1933906 0.2582883
2473 -0.33613619 0.2226071
2474 -0.2372058 0.3963429
2475 -0.013393843 0.01687274
2476 -0.39678 0.395815
2477 -0.41248 0.485071
2478 -0.11751 1.11544
2479 -0.238193 0.598255
2480 -0.54061 0.58656
2481 -0.289485 0.460101
2482 -0.456502 0.793975
2483 -0.113323 0.662802
2484 -0.442936 0.42455
2485 -0.5046359 0.4043124
2486 -0.296241 0.949345
2487 -0.271996 0.95644
2488 -0.103137 0.208286
2489 -0.155821 0.202112
2490 -0.075587 0.328044
2491 -0.04647 0.289113
2492 -0.324985 0.141118
2493 -0.2307939 0.401956
2494 -0.558167 0.127728
2495 -0.1391933 0.3739009
2496 -0.272824 0.19499
2497 -0.2287573 0.0960043
2498 -0.040735 0.292822
2499 -0.3213488 0.1653039
2500 -0.003916401 0.005460939
2501 -0.808766 0.880504
2502 -1.002383 1.101904
2503 -0.620469 1.207575
2504 -0.746923 2.238129
2505 -1.3683064 0.7521208
2506 -0.262741 1.808098
2507 -1.15276 0.93484
2508 -1.136112 1.7517375
2509 -1.4548085 1.441662
2510 -0.557011 0.878897
2511 -0.774264 1.5795835
2512 -1.161649 0.465977
2513 -0.1637581 0.0994495
2514 -0.1631456 0.1827813
2515 -0.320883 0.130847
2516 -0.26416 0.23227
2517 -0.3055984 0.339948
2518 -0.21288 0.422854
2519 -0.27683993 0.2447378
2520 -0.491594 0.211937
2521 -0.213633 0.291883
2522 -0.3905434 0.183024
2523 -0.289109 0.25439
2524 -0.1820367 0.2240819
2525 -0.003550401 0.002034593
2526 -0.808766 0.880504
2527 -1.002383 1.101904
2528 -0.620469 1.207575
2529 -0.746923 2.238129
2530 -1.3683064 0.7521208
2531 -0.262741 1.808098
2532 -1.15276 0.93484
2533 -1.136112 1.7517375
2534 -1.4548085 1.441662
2535 -0.557011 0.878897
2536 -0.774264 1.5795835
2537 -1.161649 0.465977
2538 -0.1637581 0.0994495
2539 -0.1631456 0.1827813
2540 -0.320883 0.130847
2541 -0.26416 0.23227
2542 -0.3055984 0.339948
2543 -0.21288 0.422854
2544 -0.27683993 0.2447378
2545 -0.491594 0.211937
2546 -0.213633 0.291883
2547 -0.3905434 0.183024
2548 -0.289109 0.25439
2549 -0.1820367 0.2240819
2550 -0.003550401 0.002034593
2551 -0.343078 0.107231
2552 -0.180736 0.77397
2553 -0.352484 0.426413
2554 -0.086705 0.763448
2555 -0.471459 0.4141406
2556 -0.163639 0.593602
2557 -0.177868 0.485273
2558 -0.141017 2.009722
2559 -0.044265 1.26941
2560 -0.009053 0.561149
2561 -0.262083 0.421564
2562 -0.28677406 0.2931215
2563 -0.0692668 0.047251
2564 -0.050376 0.05939
2565 -0.259177 0.1347891
2566 -0.162631 0.06266819999999999
2567 -0.202119 0.338533
2568 -0.1822769 0.080527
2569 -0.152866608 0.1383389
2570 -0.0714896 0.275844425
2571 -0.1644254 0.2450185
2572 -0.0997205 0.0777133
2573 -0.13573438 0.036468199
2574 -0.19636243 0.1890535
2575 -0.00272144 0.00394703
2576 -0.343078 0.107231
2577 -0.180736 0.77397
2578 -0.352484 0.426413
2579 -0.086705 0.763448
2580 -0.471459 0.4141406
2581 -0.163639 0.593602
2582 -0.177868 0.485273
2583 -0.141017 2.009722
2584 -0.044265 1.26941
2585 -0.009053 0.561149
2586 -0.262083 0.421564
2587 -0.28677406 0.2931215
2588 -0.0692668 0.047251
2589 -0.050376 0.05939
2590 -0.259177 0.1347891
2591 -0.162631 0.06266819999999999
2592 -0.202119 0.338533
2593 -0.1822769 0.080527
2594 -0.152866608 0.1383389
2595 -0.0714896 0.275844425
2596 -0.1644254 0.2450185
2597 -0.0997205 0.0777133
2598 -0.13573438 0.036468199
2599 -0.19636243 0.1890535
2600 -0.00272144 0.00394703
2601 -2.28767808 1.430316
2602 -1.802302 1.6609305
2603 -1.261188 2.653566
2604 -1.891523 3.716697
2605 -2.40109 2.396635
2606 -0.878848 4.3301623
2607 -3.69647 1.68748
2608 -1.9803251 2.7635819
2609 -2.138819 0.996606
2610 -3.440779 1.777769
2611 -0.5662657 2.391345
2612 -2.473449 1.2848092
2613 -0.07965794399999999 0.113377376
2614 -0.19280227 0.13204543
2615 -0.11732819 0.12282933
2616 -0.10494124 0.11557707
2617 -0.244515698 0.09715030199999999
2618 -0.16883669 0.10270531
2619 -0.22634663 0.18225747
2620 -0.16981935 0.16518705
2621 -0.14039127 0.15497563
2622 -0.1483555 0.1532125
2623 -0.09266619 0.19844496
2624 -0.26642676 0.17280944
2625 -0.00207748 0.003314463
2626 -2.28767808 1.430316
2627 -1.802302 1.6609305
2628 -1.261188 2.653566
2629 -1.891523 3.716697
2630 -2.40109 2.396635
2631 -0.878848 4.3301623
2632 -3.69647 1.68748
2633 -1.9803251 2.7635819
2634 -2.138819 0.996606
2635 -3.440779 1.777769
2636 -0.5662657 2.391345
2637 -2.473449 1.2848092
2638 -0.07965794399999999 0.113377376
2639 -0.19280227 0.13204543
2640 -0.11732819 0.12282933
2641 -0.10494124 0.11557707
2642 -0.244515698 0.09715030199999999
2643 -0.16883669 0.10270531
2644 -0.22634663 0.18225747
2645 -0.16981935 0.16518705
2646 -0.14039127 0.15497563
2647 -0.1483555 0.1532125
2648 -0.09266619 0.19844496
2649 -0.26642676 0.17280944
2650 -0.00207748 0.003314463
2651 -0.8748010000000001 0.6528080000000001
2652 -1.757647 0.799963
2653 -0.828475 1.222138
2654 -0.533288 1.645365
2655 -1.2617711 0.918058
2656 -0.5692160000000001 1.831259
2657 -1.794796 1.605225
2658 -1.642769 0.868184
2659 -0.4263231 1.853181
2660 -0.594811 1.027347
2661 -1.0905068 1.9703444
2662 -0.783376 0.705688
2663 -0.1252534 0.1414577
2664 -0.2798237 0.1632007
2665 -0.2149894 0.3189628
2666 -0.181799 0.473165
2667 -0.2257166624 0.1695861
2668 -0.349954 0.3236
2669 -0.3508987 0.2747432
2670 -0.2763884 0.38979
2671 -0.32765 0.312735
2672 -0.39746666 0.30986114
2673 -0.112584 0.219364
2674 -0.2877528 0.1904264
2675 -0.004040153 0.0025994046
2676 -0.8748010000000001 0.6528080000000001
2677 -1.757647 0.799963
2678 -0.828475 1.222138
2679 -0.533288 1.645365
2680 -1.2617711 0.918058
2681 -0.5692160000000001 1.831259
2682 -1.794796 1.605225
2683 -1.642769 0.868184
2684 -0.4263231 1.853181
2685 -0.594811 1.027347
2686 -1.0905068 1.9703444
2687 -0.783376 0.705688
2688 -0.1252534 0.1414577
2689 -0.2798237 0.1632007
2690 -0.2149894 0.3189628
2691 -0.181799 0.473165
2692 -0.2257166624 0.1695861
2693 -0.349954 0.3236
2694 -0.3508987 0.2747432
2695 -0.2763884 0.38979
2696 -0.32765 0.312735
2697 -0.39746666 0.30986114
2698 -0.112584 0.219364
2699 -0.2877528 0.1904264
2700 -0.004040153 0.0025994046
2701 -0.56055 0.095864
2702 -0.13841 1.080184
2703 -0.190284 0.436467
2704 -0.803819 0.404053
2705 -0.277643 0.564904
2706 -0.3344718 0.9286554
2707 -0.4618641 2.5277851
2708 -0.328274 1.478195
2709 -0.019149 1.363753
2710 -0.26587 1.009381
2711 -0.368 0.312416
2712 -0.37642404 1.13592956
2713 -0.05338931 0.02617194
2714 -0.1122924 0.05489157
2715 -0.0697818 0.12444223
2716 -0.0356535 0.0266897
2717 -0.0859917 0.107906
2718 -0.07703116 0.1532532
2719 -0.0415984 0.05548685
2720 -0.09213540000000001 0.06896434
2721 -0.11921573 0.042181739
2722 -0.08799940000000001 0.08594374
2723 -0.0878593 0.0731262
2724 -0.13136302 0.05252005
2725 -0.000764606 0.000705279
2726 -0.56055 0.095864
2727 -0.13841 1.080184
2728 -0.190284 0.436467
2729 -0.803819 0.404053
2730 -0.277643 0.564904
2731 -0.3344718 0.9286554
2732 -0.4618641 2.5277851
2733 -0.328274 1.478195
2734 -0.019149 1.363753
2735 -0.26587 1.009381
2736 -0.368 0.312416
2737 -0.37642404 1.13592956
2738 -0.05338931 0.02617194
2739 -0.1122924 0.05489157
2740 -0.0697818 0.12444223
2741 -0.0356535 0.0266897
2742 -0.0859917 0.107906
2743 -0.07703116 0.1532532
2744 -0.0415984 0.05548685
2745 -0.09213540000000001 0.06896434
2746 -0.11921573 0.042181739
2747 -0.08799940000000001 0.08594374
2748 -0.0878593 0.0731262
2749 -0.13136302 0.05252005
2750 -0.000764606 0.000705279
2751 -0.589811 1.443411
2752 -0.4623145 1.0376925
2753 -0.6251060000000001 0.571556
2754 -0.635204 0.272066
2755 -0.3691275 1.4187766
2756 -1.3049437 0.1831819
2757 -0.5948549 1.0571417
2758 -0.3853236 0.8437722
2759 -0.43720705 0.84549615
2760 -0.8887131 0.49221281
2761 -1.2013008 0.71225295
2762 -0.804343 0.7973789999999999
2763 -0.03712297 0.025999886
2764 -0.04761265 0.05369681
2765 -0.06387492 0.05536827
2766 -0.08615895 0.0745311855
2767 -0.0681237 0.06888292999999999
2768 -0.08172017400000001 0.110022706
2769 -0.092056015 0.090892775
2770 -0.08777095 0.09400419
2771 -0.190821 0.11438704
2772 -0.0723155 0.13135363
2773 -0.1807331 0.09187339999999999
2774 -0.1547218 0.12511779
2775 -0.0006854501 0.0008829158
2776 -0.589811 1.443411
2777 -0.4623145 1.0376925
2778 -0.6251060000000001 0.571556
2779 -0.635204 0.272066
2780 -0.3691275 1.4187766
2781 -1.3049437 0.1831819
2782 -0.5948549 1.0571417
2783 -0.3853236 0.8437722
2784 -0.43720705 0.84549615
2785 -0.8887131 0.49221281
2786 -1.2013008 0.71225295
2787 -0.804343 0.7973789999999999
2788 -0.03712297 0.025999886
2789 -0.04761265 0.05369681
2790 -0.06387492 0.05536827
2791 -0.08615895 0.0745311855
2792 -0.0681237 0.06888292999999999
2793 -0.08172017400000001 0.110022706
2794 -0.092056015 0.090892775
2795 -0.08777095 0.09400419
2796 -0.190821 0.11438704
2797 -0.0723155 0.13135363
2798 -0.1807331 0.09187339999999999
2799 -0.1547218 0.12511779
2800 -0.0006854501 0.0008829158
2801 -1.365214 0.376073
2802 -0.8699339 1.812581
2803 -0.942149 1.866306
2804 -0.95067 0.97324
2805 -2.693581 0.6365437
2806 -0.394074 1.4594
2807 -0.934298 1.652823
2808 -0.473654 2.622642
2809 -0.304223 1.414699
2810 -1.2467023 1.0041032
2811 -1.2422756 1.2487903
2812 -0.6821363 1.6675736
2813 -0.07136938 0.06287454000000001
2814 -0.09319544 0.07907847
2815 -0.08197034 0.065286334
2816 -0.1065528 0.104261677
2817 -0.095176808 0.1016671
2818 -0.12206351 0.1461818
2819 -0.07915951 0.13204448
2820 -0.16200007 0.14516113
2821 -0.14909422 0.10678379
2822 -0.13311325 0.1228362
2823 -0.1036602 0.0832741
2824 -0.16180142 0.12735388
2825 -0.00251313 0.0020362903
2826 -1.365214 0.376073
2827 -0.8699339 1.812581
2828 -0.942149 1.866306
2829 -0.95067 0.97324
2830 -2.693581 0.6365437
2831 -0.394074 1.4594
2832 -0.934298 1.652823
2833 -0.473654 2.622642
2834 -0.304223 1.414699
2835 -1.2467023 1.0041032
2836 -1.2422756 1.2487903
2837 -0.6821363 1.6675736
2838 -0.07136938 0.06287454000000001
2839 -0.09319544 0.07907847
2840 -0.08197034 0.065286334
2841 -0.1065528 0.104261677
2842 -0.095176808 0.1016671
2843 -0.12206351 0.1461818
2844 -0.07915951 0.13204448
2845 -0.16200007 0.14516113
2846 -0.14909422 0.10678379
2847 -0.13311325 0.1228362
2848 -0.1036602 0.0832741
2849 -0.16180142 0.12735388
2850 -0.00251313 0.0020362903
2851 -0.126735 1.989217
2852 -0.3214486 0.8111605
2853 -0.652344 0.385804
2854 -0.776316 0.120159
2855 -0.273813 0.699753
2856 -0.965015 0.1941225
2857 -0.381074 1.011569
2858 -0.2784498 0.5852133
2859 -0.367497 0.907643
2860 -0.4689951 0.5303582
2861 -1.12382702 0.24368508
2862 -1.554141 0.778694
2863 -0.08590904000000001 0.059201
2864 -0.06548182 0.10456626
2865 -0.0940134 0.0535258
2866 -0.08635379999999999 0.1046833
2867 -0.139153 0.1320045
2868 -0.1485886 0.1064586
2869 -0.1192612 0.1266101
2870 -0.1249794 0.08799079999999999
2871 -0.0829062 0.1249926
2872 -0.0821297 0.0756701
2873 -0.1469123 0.1382546
2874 -0.1194684 0.07074645
2875 -0.000121715767 8.4165643e-05
2876 -0.126735 1.989217
2877 -0.3214486 0.8111605
2878 -0.652344 0.385804
2879 -0.776316 0.120159
2880 -0.273813 0.699753
2881 -0.965015 0.1941225
2882 -0.381074 1.011569
2883 -0.2784498 0.5852133
2884 -0.367497 0.907643
2885 -0.4689951 0.5303582
2886 -1.12382702 0.24368508
2887 -1.554141 0.778694
2888 -0.08590904000000001 0.059201
2889 -0.06548182 0.10456626
2890 -0.0940134 0.0535258
2891 -0.08635379999999999 0.1046833
2892 -0.139153 0.1320045
2893 -0.1485886 0.1064586
2894 -0.1192612 0.1266101
2895 -0.1249794 0.08799079999999999
2896 -0.0829062 0.1249926
2897 -0.0821297 0.0756701
2898 -0.1469123 0.1382546
2899 -0.1194684 0.07074645
2900 -0.000121715767 8.4165643e-05
2901 -0.004749 0.133674
2902 -0.2562395 0.012986
2903 -0.1122066 0.022835
2904 -0.220152 0.000169
2905 -0.025459 0.065039
2906 -0.080655 0.009179
2907 -0.135746 0.265694
2908 -0.059338 0.07897800000000001
2909 -0.036235 0.195981
2910 -0.272837 0.077115
2911 -0.064085 0.002588
2912 -0.036628 0.062641
2913 -0.00296118 0.00741896
2914 -0.0075268 0.0294339
2915 -0.0126757 0.0131409
2916 -0.0238935 0.0015432
2917 -0.08194319999999999 0.0074759
2918 -0.0291842 0.007967999999999999
2919 -0.009638000000000001 0.004873
2920 -0.0097882 0.0178554
2921 -0.0217142 0.0179474
2922 -0.0429962 0.009582200000000001
2923 -0.012667 0.009665099999999999
2924 -0.0065908 0.01930065
2925 -2.0208408e-05 8.7741271e-06
2926 -0.004749 0.133674
2927 -0.2562395 0.012986
2928 -0.1122066 0.022835
2929 -0.220152 0.000169
2930 -0.025459 0.065039
2931 -0.080655 0.009179
2932 -0.135746 0.265694
2933 -0.059338 0.07897800000000001
2934 -0.036235 0.195981
2935 -0.272837 0.077115
2936 -0.064085 0.002588
2937 -0.036628 0.062641
2938 -0.00296118 0.00741896
2939 -0.0075268 0.0294339
2940 -0.0126757 0.0131409
2941 -0.0238935 0.0015432
2942 -0.08194319999999999 0.0074759
2943 -0.0291842 0.007967999999999999
2944 -0.009638000000000001 0.004873
2945 -0.0097882 0.0178554
2946 -0.0217142 0.0179474
2947 -0.0429962 0.009582200000000001
2948 -0.012667 0.009665099999999999
2949 -0.0065908 0.01930065
2950 -2.0208408e-05 8.7741271e-06
2951 -0.450403 0.296888
2952 -0.262081 0.479442
2953 -0.468281 0.201191
2954 -0.354636 0.317426
2955 -0.585185 0.532907
2956 -1.1466206 0.15186
2957 -0.495291 0.461284
2958 -0.844377 0.365842
2959 -0.4761681 0.246223
2960 -0.2640125 0.5017283
2961 -0.6106470000000001 0.017079
2962 -0.6782313 0.194733
2963 -0.02402633 0.01620085
2964 -0.02552382 0.02752975
2965 -0.07563301 0.09098050000000001
2966 -0.07562497 0.052346584
2967 -0.0392335 0.04300599
2968 -0.0466753 0.06998260000000001
2969 -0.05900934 0.15758242
2970 -0.05470498 0.0489255
2971 -0.09281507 0.04761941
2972 -0.132788 0.03807786
2973 -0.07340521 0.09327879
2974 -0.09406144 0.0589755024
2975 -0.0009453126 0.000947883
2976 -0.450403 0.296888
2977 -0.262081 0.479442
2978 -0.468281 0.201191
2979 -0.354636 0.317426
2980 -0.585185 0.532907
2981 -1.1466206 0.15186
2982 -0.495291 0.461284
2983 -0.844377 0.365842
2984 -0.4761681 0.246223
2985 -0.2640125 0.5017283
2986 -0.6106470000000001 0.017079
2987 -0.6782313 0.194733
2988 -0.02402633 0.01620085
2989 -0.02552382 0.02752975
2990 -0.07563301 0.09098050000000001
2991 -0.07562497 0.052346584
2992 -0.0392335 0.04300599
2993 -0.0466753 0.06998260000000001
2994 -0.05900934 0.15758242
2995 -0.05470498 0.0489255
2996 -0.09281507 0.04761941
2997 -0.132788 0.03807786
2998 -0.07340521 0.09327879
2999 -0.09406144 0.0589755024
3000 -0.0009453126 0.000947883
3001 -0.5966971 0.2068194
3002 -0.285343 0.150045
3003 -0.085522 1.172582
3004 -0.11326 0.66604
3005 -0.16417 0.43429
3006 -0.045793 1.0935971
3007 -0.696612 0.3855016
3008 -0.002017 0.447964
3009 -0.734028 0.401022
3010 -0.4364316 0.489635421
3011 -0.179401 0.551481
3012 -0.599709 0.134704
3013 -0.025343294 0.03182314
3014 -0.06455795 0.0724537
3015 -0.0475918 0.1317125
3016 -0.04674092 0.03259852
3017 -0.0534299 0.085145
3018 -0.05392066 0.10605543
3019 -0.14957221 0.09685477000000001
3020 -0.08326740000000001 0.08957516
3021 -0.10636 0.069927
3022 -0.1208787 0.0410761
3023 -0.1169807 0.109556007
3024 -0.0438073099 0.0613776101
3025 -0.000846592 0.001287159
3026 -0.5966971 0.2068194
3027 -0.285343 0.150045
3028 -0.085522 1.172582
3029 -0.11326 0.66604
3030 -0.16417 0.43429
3031 -0.045793 1.0935971
3032 -0.696612 0.3855016
3033 -0.002017 0.447964
3034 -0.734028 0.401022
3035 -0.4364316 0.489635421
3036 -0.179401 0.551481
3037 -0.599709 0.134704
3038 -0.025343294 0.03182314
3039 -0.06455795 0.0724537
3040 -0.0475918 0.1317125
3041 -0.04674092 0.03259852
3042 -0.0534299 0.085145
3043 -0.05392066 0.10605543
3044 -0.14957221 0.09685477000000001
3045 -0.08326740000000001 0.08957516
3046 -0.10636 0.069927
3047 -0.1208787 0.0410761
3048 -0.1169807 0.109556007
3049 -0.0438073099 0.0613776101
3050 -0.000846592 0.001287159
3051 -1.021494 1.504593
3052 -0.7886026 1.1313892
3053 -1.6780546 0.8401561
3054 -1.512167 1.030586
3055 -0.709719 1.278547
3056 -3.7513072 0.159045
3057 -1.008453 2.150996
3058 -0.8419354 0.5490472
3059 -0.9812155 1.1702555
3060 -1.5750628 0.9103027
3061 -2.5297072 0.506962
3062 -1.5738892 1.0579638
3063 -0.1344334 0.171655
3064 -0.1064762 0.1165504
3065 -0.2003856 0.1965678
3066 -0.1557074 0.2308406
3067 -0.1674772 0.2474531
3068 -0.24714967 0.28893653
3069 -0.1988212 0.3726278
3070 -0.1937027 0.2888625
3071 -0.2252188 0.2625489
3072 -0.3894096 0.2321147
3073 -0.2823991 0.1905833
3074 -0.3374695 0.1373863
3075 -0.004983192 0.001453372
3076 -0.291641 1.745782
3077 -0.882929 0.5750946
3078 -0.782928 0.629995
3079 -0.997185 0.6057
3080 -0.306204 0.947356
3081 -2.108429 0.509142
3082 -0.220489 2.072219
3083 -0.7675650000000001 0.670138
3084 -0.52752 1.080697
3085 -1.5376802 0.503169
3086 -1.18634259 0.471179
3087 -0.753606 1.317155
3088 -0.0342288 0.0537518
3089 -0.06763280000000001 0.06304
3090 -0.09435159999999999 0.0513334
3091 -0.0926472 0.0664141
3092 -0.08961877 0.1025296
3093 -0.1068473 0.1030498
3094 -0.1115876 0.0844911
3095 -0.0915057 0.08675769999999999
3096 -0.0878762 0.1996279
3097 -0.1414078 0.1233907
3098 -0.1742118 0.1263249
3099 -0.16453802 0.14836458
3100 -0.00048943042 0.00066910688
3101 -0.291641 1.745782
3102 -0.882929 0.5750946
3103 -0.782928 0.629995
3104 -0.997185 0.6057
3105 -0.306204 0.947356
3106 -2.108429 0.509142
3107 -0.220489 2.072219
3108 -0.7675650000000001 0.670138
3109 -0.52752 1.080697
3110 -1.5376802 0.503169
3111 -1.18634259 0.471179
3112 -0.753606 1.317155
3113 -0.0342288 0.0537518
3114 -0.06763280000000001 0.06304
3115 -0.09435159999999999 0.0513334
3116 -0.0926472 0.0664141
3117 -0.08961877 0.1025296
3118 -0.1068473 0.1030498
3119 -0.1115876 0.0844911
3120 -0.0915057 0.08675769999999999
3121 -0.0878762 0.1996279
3122 -0.1414078 0.1233907
3123 -0.1742118 0.1263249
3124 -0.16453802 0.14836458
3125 -0.00048943042 0.00066910688
3126 -0.326795 0.490872
3127 -0.06879 1.297489
3128 -0.285731 0.480893
3129 -0.588385 0.458147
3130 -0.359262 0.7693680000000001
3131 -1.547767 0.603452
3132 -0.12495 1.58224334
3133 -0.678051 0.638729
3134 -0.463687 1.288851
3135 -0.437168 1.492729
3136 -0.930862 0.9581172
3137 -0.57422 0.500028
3138 -0.053337478 0.031126192
3139 -0.059764695 0.047511945
3140 -0.13331707 0.05968077
3141 -0.0898197 0.06374122
3142 -0.088243 0.0637163
3143 -0.0882988 0.08884930000000001
3144 -0.1533161 0.0584385
3145 -0.0730345 0.12787265
3146 -0.0937255 0.15230606
3147 -0.1125758 0.121038863
3148 -0.0912748 0.16620792
3149 -0.11363356 0.17452254
3150 -0.001507292 0.001678759
3151 -0.326795 0.490872
3152 -0.06879 1.297489
3153 -0.285731 0.480893
3154 -0.588385 0.458147
3155 -0.359262 0.7693680000000001
3156 -1.547767 0.603452
3157 -0.12495 1.58224334
3158 -0.678051 0.638729
3159 -0.463687 1.288851
3160 -0.437168 1.492729
3161 -0.930862 0.9581172
3162 -0.57422 0.500028
3163 -0.053337478 0.031126192
3164 -0.059764695 0.047511945
3165 -0.13331707 0.05968077
3166 -0.0898197 0.06374122
3167 -0.088243 0.0637163
3168 -0.0882988 0.08884930000000001
3169 -0.1533161 0.0584385
3170 -0.0730345 0.12787265
3171 -0.0937255 0.15230606
3172 -0.1125758 0.121038863
3173 -0.0912748 0.16620792
3174 -0.11363356 0.17452254
3175 -0.001507292 0.001678759
3176 -0.21035 0.795328
3177 -0.6780994 0.432367
3178 -0.6749455 0.7076853
3179 -0.835437 0.848536
3180 -1.44975 0.895572
3181 -0.757714 0.144333
3182 -0.54237 0.543683
3183 -0.877068 0.272983
3184 -0.982154 0.228815
3185 -0.361136 0.543061
3186 -0.685796 0.226609
3187 -0.292357 0.229151
3188 -0.08106670000000001 0.0388123
3189 -0.2250619 0.10669556
3190 -0.22165954 0.04848536
3191 -0.1958302 0.0939724
3192 -0.2878938 0.139651
3193 -0.2415024 0.219939
3194 -0.1205652 0.2414059
3195 -0.15341258 0.1490253
3196 -0.07949009999999999 0.1846223
3197 -0.1777291 0.2225116
3198 -0.2600796 0.08487500000000001
3199 -0.058257 0.1230576
3200 -0.00031980794 9.438292e-05
